0.393 0.393 -0.057 0.040
1.178 0.393 -0.055 0.051
1.963 0.393 0.000 0.097
2.749 0.393 0.143 0.069
3.534 0.393 0.018 0.060
4.320 0.393 -0.090 0.042
5.105 0.393 0.030 0.032
5.890 0.393 -0.034 0.047
0.393 1.178 0.043 0.022
1.178 1.178 -0.032 0.036
1.963 1.178 -0.086 0.097
2.749 1.178 0.092 0.075
3.534 1.178 0.068 0.028
4.320 1.178 0.018 0.020
5.105 1.178 0.019 0.019
5.890 1.178 -0.009 0.019
0.393 1.963 0.004 0.013
1.178 1.963 0.003 0.018
1.963 1.963 -0.053 0.033
2.749 1.963 0.019 0.041
3.534 1.963 0.012 0.022
4.320 1.963 -0.024 0.013
5.105 1.963 0.002 0.012
5.890 1.963 0.009 0.014
0.393 2.749 0.037 0.010
1.178 2.749 0.018 0.012
1.963 2.749 0.009 0.015
2.749 2.749 -0.023 0.026
3.534 2.749 -0.019 0.024
4.320 2.749 -0.014 0.013
5.105 2.749 -0.011 0.011
5.890 2.749 0.029 0.012
0.393 3.534 -0.006 0.011
1.178 3.534 0.032 0.011
1.963 3.534 0.032 0.015
2.749 3.534 -0.040 0.022
3.534 3.534 0.031 0.025
4.320 3.534 -0.037 0.016
5.105 3.534 -0.036 0.010
5.890 3.534 -0.025 0.010
0.393 4.320 -0.037 0.014
1.178 4.320 -0.031 0.014
1.963 4.320 0.008 0.015
2.749 4.320 -0.021 0.023
3.534 4.320 0.025 0.041
4.320 4.320 0.025 0.029
5.105 4.320 -0.025 0.016
5.890 4.320 -0.021 0.011
0.393 5.105 -0.005 0.020
1.178 5.105 -0.015 0.020
1.963 5.105 -0.005 0.020
2.749 5.105 -0.061 0.030
3.534 5.105 -0.055 0.070
4.320 5.105 -0.052 0.093
5.105 5.105 -0.033 0.037
5.890 5.105 -0.050 0.020
0.393 5.890 0.020 0.045
1.178 5.890 0.029 0.033
1.963 5.890 0.027 0.040
2.749 5.890 -0.009 0.054
3.534 5.890 -0.093 0.074
4.320 5.890 -0.200 0.096
5.105 5.890 0.049 0.055
5.890 5.890 0.086 0.046
