0.200 0.200 0.020 0.020
0.980 0.200 -0.020 0.030
1.770 0.200 0.030 0.030
2.550 0.200 0.030 0.030
3.340 0.200 0.000 0.030
4.120 0.200 -0.030 0.020
4.910 0.200 -0.050 0.020
5.690 0.200 -0.030 0.030
0.200 0.980 0.010 0.020
0.980 0.980 0.020 0.020
1.770 0.980 0.050 0.050
2.550 0.980 -0.070 0.050
3.340 0.980 0.030 0.020
4.120 0.980 -0.030 0.020
4.910 0.980 -0.050 0.020
5.690 0.980 0.020 0.020
0.200 1.770 0.000 0.010
0.980 1.770 0.010 0.020
1.770 1.770 -0.020 0.040
2.550 1.770 -0.090 0.080
3.340 1.770 0.070 0.020
4.120 1.770 0.000 0.010
4.910 1.770 -0.050 0.010
5.690 1.770 -0.060 0.020
0.200 2.550 -0.010 0.010
0.980 2.550 0.000 0.010
1.770 2.550 0.020 0.020
2.550 2.550 -0.010 0.070
3.340 2.550 -0.040 0.040
4.120 2.550 0.000 0.010
4.910 2.550 0.000 0.010
5.690 2.550 0.000 0.020
0.200 3.340 0.000 0.020
0.980 3.340 -0.010 0.010
1.770 3.340 0.000 0.010
2.550 3.340 -0.020 0.040
3.340 3.340 0.090 0.080
4.120 3.340 -0.010 0.020
4.910 3.340 0.000 0.010
5.690 3.340 0.020 0.010
0.200 4.120 -0.010 0.020
0.980 4.120 0.040 0.020
1.770 4.120 -0.020 0.010
2.550 4.120 -0.010 0.030
3.340 4.120 -0.170 0.090
4.120 4.120 0.000 0.040
4.910 4.120 0.000 0.020
5.690 4.120 0.000 0.010
0.200 4.910 -0.010 0.020
0.980 4.910 0.040 0.020
1.770 4.910 0.020 0.020
2.550 4.910 -0.040 0.020
3.340 4.910 -0.090 0.040
4.120 4.910 -0.030 0.050
4.910 4.910 0.020 0.020
5.690 4.910 0.000 0.020
0.200 5.690 0.010 0.020
0.980 5.690 0.030 0.020
1.770 5.690 0.060 0.020
2.550 5.690 -0.020 0.020
3.340 5.690 -0.050 0.030
4.120 5.690 -0.040 0.030
4.910 5.690 0.000 0.020
5.690 5.690 0.010 0.030
