0.39269908169872414 0.39269908169872414 4782 
0.39269908169872414 1.1780972450961724 7567 
0.39269908169872414 1.9634954084936207 12616 
0.39269908169872414 2.748893571891069 13319 
0.39269908169872414 3.5342917352885173 7954 
0.39269908169872414 4.319689898685965 4654 
0.39269908169872414 5.105088062083414 4718 
0.39269908169872414 5.890486225480862 4123 
1.1780972450961724 0.39269908169872414 3558 
1.1780972450961724 1.1780972450961724 3962 
1.1780972450961724 1.9634954084936207 8992 
1.1780972450961724 2.748893571891069 12280 
1.1780972450961724 3.5342917352885173 12849 
1.1780972450961724 4.319689898685965 10143 
1.1780972450961724 5.105088062083414 7919 
1.1780972450961724 5.890486225480862 7294 
1.9634954084936207 0.39269908169872414 2799 
1.9634954084936207 1.1780972450961724 976 
1.9634954084936207 1.9634954084936207 1350 
1.9634954084936207 2.748893571891069 4974 
1.9634954084936207 3.5342917352885173 12387 
1.9634954084936207 4.319689898685965 13080 
1.9634954084936207 5.105088062083414 8967 
1.9634954084936207 5.890486225480862 6274 
2.748893571891069 0.39269908169872414 2604 
2.748893571891069 1.1780972450961724 1062 
2.748893571891069 1.9634954084936207 340 
2.748893571891069 2.748893571891069 441 
2.748893571891069 3.5342917352885173 1424 
2.748893571891069 4.319689898685965 3796 
2.748893571891069 5.105088062083414 5891 
2.748893571891069 5.890486225480862 4456 
3.5342917352885173 0.39269908169872414 3479 
3.5342917352885173 1.1780972450961724 5004 
3.5342917352885173 1.9634954084936207 3664 
3.5342917352885173 2.748893571891069 1176 
3.5342917352885173 3.5342917352885173 348 
3.5342917352885173 4.319689898685965 286 
3.5342917352885173 5.105088062083414 1203 
3.5342917352885173 5.890486225480862 2678 
4.319689898685965 0.39269908169872414 7678 
4.319689898685965 1.1780972450961724 9325 
4.319689898685965 1.9634954084936207 11497 
4.319689898685965 2.748893571891069 12202 
4.319689898685965 3.5342917352885173 6461 
4.319689898685965 4.319689898685965 1646 
4.319689898685965 5.105088062083414 1135 
4.319689898685965 5.890486225480862 2954 
5.105088062083414 0.39269908169872414 7455 
5.105088062083414 1.1780972450961724 8150 
5.105088062083414 1.9634954084936207 11955 
5.105088062083414 2.748893571891069 15988 
5.105088062083414 3.5342917352885173 14316 
5.105088062083414 4.319689898685965 8399 
5.105088062083414 5.105088062083414 4039 
5.105088062083414 5.890486225480862 4325 
5.890486225480862 0.39269908169872414 2944 
5.890486225480862 1.1780972450961724 5211 
5.890486225480862 1.9634954084936207 4705 
5.890486225480862 2.748893571891069 6558 
5.890486225480862 3.5342917352885173 11609 
5.890486225480862 4.319689898685965 11445 
5.890486225480862 5.105088062083414 6326 
5.890486225480862 5.890486225480862 2875 