0.392699 0.392699 255.000000
0.392699 1.178097 886.000000
0.392699 1.963495 2448.000000
0.392699 2.748894 3867.000000
0.392699 3.534292 3328.000000
0.392699 4.319690 2145.000000
0.392699 5.105088 1012.000000
0.392699 5.890486 198.000000
1.178097 0.392699 177.000000
1.178097 1.178097 348.000000
1.178097 1.963495 1275.000000
1.178097 2.748894 2465.000000
1.178097 3.534292 2781.000000
1.178097 4.319690 2066.000000
1.178097 5.105088 997.000000
1.178097 5.890486 407.000000
1.963495 0.392699 42.000000
1.963495 1.178097 37.000000
1.963495 1.963495 386.000000
1.963495 2.748894 1784.000000
1.963495 3.534292 1840.000000
1.963495 4.319690 1804.000000
1.963495 5.105088 957.000000
1.963495 5.890486 231.000000
2.748894 0.392699 81.000000
2.748894 1.178097 92.000000
2.748894 1.963495 239.000000
2.748894 2.748894 657.000000
2.748894 3.534292 858.000000
2.748894 4.319690 738.000000
2.748894 5.105088 430.000000
2.748894 5.890486 130.000000
3.534292 0.392699 102.000000
3.534292 1.178097 500.000000
3.534292 1.963495 920.000000
3.534292 2.748894 723.000000
3.534292 3.534292 699.000000
3.534292 4.319690 280.000000
3.534292 5.105088 84.000000
3.534292 5.890486 76.000000
4.319690 0.392699 240.000000
4.319690 1.178097 1092.000000
4.319690 1.963495 2496.000000
4.319690 2.748894 2570.000000
4.319690 3.534292 1728.000000
4.319690 4.319690 466.000000
4.319690 5.105088 70.000000
4.319690 5.890486 39.000000
5.105088 0.392699 434.000000
5.105088 1.178097 1196.000000
5.105088 1.963495 3153.000000
5.105088 2.748894 3819.000000
5.105088 3.534292 3991.000000
5.105088 4.319690 1825.000000
5.105088 5.105088 324.000000
5.105088 5.890486 168.000000
5.890486 0.392699 177.000000
5.890486 1.178097 1091.000000
5.890486 1.963495 1904.000000
5.890486 2.748894 2733.000000
5.890486 3.534292 4707.000000
5.890486 4.319690 3660.000000
5.890486 5.105088 1092.000000
5.890486 5.890486 198.000000
