0.392699 0.392699 971.000000
0.392699 1.178097 1597.000000
0.392699 1.963495 2664.000000
0.392699 2.748894 2859.000000
0.392699 3.534292 1611.000000
0.392699 4.319690 1016.000000
0.392699 5.105088 987.000000
0.392699 5.890486 850.000000
1.178097 0.392699 765.000000
1.178097 1.178097 809.000000
1.178097 1.963495 1830.000000
1.178097 2.748894 2671.000000
1.178097 3.534292 2840.000000
1.178097 4.319690 2010.000000
1.178097 5.105088 1630.000000
1.178097 5.890486 1509.000000
1.963495 0.392699 595.000000
1.963495 1.178097 193.000000
1.963495 1.963495 306.000000
1.963495 2.748894 1081.000000
1.963495 3.534292 2574.000000
1.963495 4.319690 2658.000000
1.963495 5.105088 1803.000000
1.963495 5.890486 1266.000000
2.748894 0.392699 541.000000
2.748894 1.178097 239.000000
2.748894 1.963495 81.000000
2.748894 2.748894 94.000000
2.748894 3.534292 300.000000
2.748894 4.319690 786.000000
2.748894 5.105088 1214.000000
2.748894 5.890486 908.000000
3.534292 0.392699 715.000000
3.534292 1.178097 1050.000000
3.534292 1.963495 755.000000
3.534292 2.748894 265.000000
3.534292 3.534292 66.000000
3.534292 4.319690 71.000000
3.534292 5.105088 268.000000
3.534292 5.890486 556.000000
4.319690 0.392699 1587.000000
4.319690 1.178097 2001.000000
4.319690 1.963495 2393.000000
4.319690 2.748894 2562.000000
4.319690 3.534292 1259.000000
4.319690 4.319690 343.000000
4.319690 5.105088 227.000000
4.319690 5.890486 607.000000
5.105088 0.392699 1442.000000
5.105088 1.178097 1701.000000
5.105088 1.963495 2524.000000
5.105088 2.748894 3339.000000
5.105088 3.534292 2931.000000
5.105088 4.319690 1686.000000
5.105088 5.105088 826.000000
5.105088 5.890486 880.000000
5.890486 0.392699 637.000000
5.890486 1.178097 1088.000000
5.890486 1.963495 993.000000
5.890486 2.748894 1406.000000
5.890486 3.534292 2436.000000
5.890486 4.319690 2364.000000
5.890486 5.105088 1267.000000
5.890486 5.890486 589.000000
