0.392699 0.392699 997.000000
0.392699 1.178097 1604.000000
0.392699 1.963495 2657.000000
0.392699 2.748894 2781.000000
0.392699 3.534292 1635.000000
0.392699 4.319690 995.000000
0.392699 5.105088 960.000000
0.392699 5.890486 861.000000
1.178097 0.392699 739.000000
1.178097 1.178097 837.000000
1.178097 1.963495 1882.000000
1.178097 2.748894 2684.000000
1.178097 3.534292 2782.000000
1.178097 4.319690 2191.000000
1.178097 5.105088 1747.000000
1.178097 5.890486 1602.000000
1.963495 0.392699 637.000000
1.963495 1.178097 214.000000
1.963495 1.963495 281.000000
1.963495 2.748894 1127.000000
1.963495 3.534292 2567.000000
1.963495 4.319690 2561.000000
1.963495 5.105088 1871.000000
1.963495 5.890486 1408.000000
2.748894 0.392699 566.000000
2.748894 1.178097 210.000000
2.748894 1.963495 67.000000
2.748894 2.748894 93.000000
2.748894 3.534292 292.000000
2.748894 4.319690 772.000000
2.748894 5.105088 1112.000000
2.748894 5.890486 869.000000
3.534292 0.392699 721.000000
3.534292 1.178097 1107.000000
3.534292 1.963495 877.000000
3.534292 2.748894 249.000000
3.534292 3.534292 80.000000
3.534292 4.319690 49.000000
3.534292 5.105088 223.000000
3.534292 5.890486 509.000000
4.319690 0.392699 1490.000000
4.319690 1.178097 1869.000000
4.319690 1.963495 2414.000000
4.319690 2.748894 2564.000000
4.319690 3.534292 1228.000000
4.319690 4.319690 344.000000
4.319690 5.105088 213.000000
4.319690 5.890486 564.000000
5.105088 0.392699 1306.000000
5.105088 1.178097 1558.000000
5.105088 1.963495 2280.000000
5.105088 2.748894 3330.000000
5.105088 3.534292 2925.000000
5.105088 4.319690 1714.000000
5.105088 5.105088 861.000000
5.105088 5.890486 872.000000
5.890486 0.392699 607.000000
5.890486 1.178097 1122.000000
5.890486 1.963495 888.000000
5.890486 2.748894 1405.000000
5.890486 3.534292 2522.000000
5.890486 4.319690 2335.000000
5.890486 5.105088 1253.000000
5.890486 5.890486 608.000000
