0.392699 0.392699 268.000000
0.392699 1.178097 864.000000
0.392699 1.963495 2507.000000
0.392699 2.748894 3945.000000
0.392699 3.534292 3283.000000
0.392699 4.319690 2081.000000
0.392699 5.105088 871.000000
0.392699 5.890486 218.000000
1.178097 0.392699 184.000000
1.178097 1.178097 316.000000
1.178097 1.963495 1325.000000
1.178097 2.748894 2548.000000
1.178097 3.534292 2693.000000
1.178097 4.319690 2098.000000
1.178097 5.105088 970.000000
1.178097 5.890486 377.000000
1.963495 0.392699 62.000000
1.963495 1.178097 57.000000
1.963495 1.963495 397.000000
1.963495 2.748894 1825.000000
1.963495 3.534292 1846.000000
1.963495 4.319690 1715.000000
1.963495 5.105088 1084.000000
1.963495 5.890486 246.000000
2.748894 0.392699 98.000000
2.748894 1.178097 91.000000
2.748894 1.963495 234.000000
2.748894 2.748894 605.000000
2.748894 3.534292 844.000000
2.748894 4.319690 680.000000
2.748894 5.105088 427.000000
2.748894 5.890486 126.000000
3.534292 0.392699 121.000000
3.534292 1.178097 546.000000
3.534292 1.963495 905.000000
3.534292 2.748894 784.000000
3.534292 3.534292 643.000000
3.534292 4.319690 273.000000
3.534292 5.105088 82.000000
3.534292 5.890486 61.000000
4.319690 0.392699 222.000000
4.319690 1.178097 1087.000000
4.319690 1.963495 2533.000000
4.319690 2.748894 2537.000000
4.319690 3.534292 1686.000000
4.319690 4.319690 481.000000
4.319690 5.105088 63.000000
4.319690 5.890486 43.000000
5.105088 0.392699 439.000000
5.105088 1.178097 1211.000000
5.105088 1.963495 3251.000000
5.105088 2.748894 3781.000000
5.105088 3.534292 3883.000000
5.105088 4.319690 1716.000000
5.105088 5.105088 328.000000
5.105088 5.890486 175.000000
5.890486 0.392699 178.000000
5.890486 1.178097 1065.000000
5.890486 1.963495 2072.000000
5.890486 2.748894 2863.000000
5.890486 3.534292 4518.000000
5.890486 4.319690 3405.000000
5.890486 5.105088 1041.000000
5.890486 5.890486 178.000000
