0.392699 0.392699 564.000000
0.392699 1.178097 956.000000
0.392699 1.963495 1572.000000
0.392699 2.748894 1625.000000
0.392699 3.534292 963.000000
0.392699 4.319690 590.000000
0.392699 5.105088 582.000000
0.392699 5.890486 497.000000
1.178097 0.392699 462.000000
1.178097 1.178097 502.000000
1.178097 1.963495 1067.000000
1.178097 2.748894 1549.000000
1.178097 3.534292 1693.000000
1.178097 4.319690 1223.000000
1.178097 5.105088 955.000000
1.178097 5.890486 886.000000
1.963495 0.392699 354.000000
1.963495 1.178097 115.000000
1.963495 1.963495 183.000000
1.963495 2.748894 620.000000
1.963495 3.534292 1537.000000
1.963495 4.319690 1610.000000
1.963495 5.105088 1102.000000
1.963495 5.890486 730.000000
2.748894 0.392699 317.000000
2.748894 1.178097 148.000000
2.748894 1.963495 45.000000
2.748894 2.748894 63.000000
2.748894 3.534292 178.000000
2.748894 4.319690 475.000000
2.748894 5.105088 728.000000
2.748894 5.890486 542.000000
3.534292 0.392699 424.000000
3.534292 1.178097 635.000000
3.534292 1.963495 445.000000
3.534292 2.748894 159.000000
3.534292 3.534292 41.000000
3.534292 4.319690 44.000000
3.534292 5.105088 171.000000
3.534292 5.890486 338.000000
4.319690 0.392699 967.000000
4.319690 1.178097 1211.000000
4.319690 1.963495 1424.000000
4.319690 2.748894 1496.000000
4.319690 3.534292 736.000000
4.319690 4.319690 214.000000
4.319690 5.105088 129.000000
4.319690 5.890486 356.000000
5.105088 0.392699 877.000000
5.105088 1.178097 1038.000000
5.105088 1.963495 1526.000000
5.105088 2.748894 1921.000000
5.105088 3.534292 1659.000000
5.105088 4.319690 1000.000000
5.105088 5.105088 493.000000
5.105088 5.890486 523.000000
5.890486 0.392699 363.000000
5.890486 1.178097 646.000000
5.890486 1.963495 599.000000
5.890486 2.748894 819.000000
5.890486 3.534292 1452.000000
5.890486 4.319690 1396.000000
5.890486 5.105088 709.000000
5.890486 5.890486 384.000000
