0.392699 0.392699 257.000000
0.392699 1.178097 901.000000
0.392699 1.963495 2474.000000
0.392699 2.748894 3935.000000
0.392699 3.534292 3375.000000
0.392699 4.319690 2171.000000
0.392699 5.105088 1018.000000
0.392699 5.890486 199.000000
1.178097 0.392699 176.000000
1.178097 1.178097 347.000000
1.178097 1.963495 1304.000000
1.178097 2.748894 2500.000000
1.178097 3.534292 2815.000000
1.178097 4.319690 2092.000000
1.178097 5.105088 1018.000000
1.178097 5.890486 410.000000
1.963495 0.392699 42.000000
1.963495 1.178097 36.000000
1.963495 1.963495 394.000000
1.963495 2.748894 1805.000000
1.963495 3.534292 1871.000000
1.963495 4.319690 1821.000000
1.963495 5.105088 970.000000
1.963495 5.890486 236.000000
2.748894 0.392699 81.000000
2.748894 1.178097 93.000000
2.748894 1.963495 242.000000
2.748894 2.748894 666.000000
2.748894 3.534292 877.000000
2.748894 4.319690 745.000000
2.748894 5.105088 437.000000
2.748894 5.890486 136.000000
3.534292 0.392699 104.000000
3.534292 1.178097 506.000000
3.534292 1.963495 938.000000
3.534292 2.748894 730.000000
3.534292 3.534292 711.000000
3.534292 4.319690 284.000000
3.534292 5.105088 83.000000
3.534292 5.890486 77.000000
4.319690 0.392699 245.000000
4.319690 1.178097 1105.000000
4.319690 1.963495 2529.000000
4.319690 2.748894 2615.000000
4.319690 3.534292 1746.000000
4.319690 4.319690 473.000000
4.319690 5.105088 70.000000
4.319690 5.890486 42.000000
5.105088 0.392699 439.000000
5.105088 1.178097 1203.000000
5.105088 1.963495 3190.000000
5.105088 2.748894 3879.000000
5.105088 3.534292 4046.000000
5.105088 4.319690 1849.000000
5.105088 5.105088 329.000000
5.105088 5.890486 171.000000
5.890486 0.392699 178.000000
5.890486 1.178097 1106.000000
5.890486 1.963495 1927.000000
5.890486 2.748894 2768.000000
5.890486 3.534292 4767.000000
5.890486 4.319690 3698.000000
5.890486 5.105088 1109.000000
5.890486 5.890486 200.000000
