0.392699 0.392699 147.000000
0.392699 1.178097 533.000000
0.392699 1.963495 1474.000000
0.392699 2.748894 2290.000000
0.392699 3.534292 1956.000000
0.392699 4.319690 1238.000000
0.392699 5.105088 493.000000
0.392699 5.890486 131.000000
1.178097 0.392699 109.000000
1.178097 1.178097 186.000000
1.178097 1.963495 780.000000
1.178097 2.748894 1507.000000
1.178097 3.534292 1555.000000
1.178097 4.319690 1260.000000
1.178097 5.105088 580.000000
1.178097 5.890486 232.000000
1.963495 0.392699 42.000000
1.963495 1.178097 30.000000
1.963495 1.963495 237.000000
1.963495 2.748894 1075.000000
1.963495 3.534292 1098.000000
1.963495 4.319690 1030.000000
1.963495 5.105088 649.000000
1.963495 5.890486 150.000000
2.748894 0.392699 58.000000
2.748894 1.178097 50.000000
2.748894 1.963495 137.000000
2.748894 2.748894 351.000000
2.748894 3.534292 499.000000
2.748894 4.319690 404.000000
2.748894 5.105088 257.000000
2.748894 5.890486 83.000000
3.534292 0.392699 81.000000
3.534292 1.178097 330.000000
3.534292 1.963495 557.000000
3.534292 2.748894 458.000000
3.534292 3.534292 370.000000
3.534292 4.319690 165.000000
3.534292 5.105088 55.000000
3.534292 5.890486 39.000000
4.319690 0.392699 129.000000
4.319690 1.178097 649.000000
4.319690 1.963495 1525.000000
4.319690 2.748894 1474.000000
4.319690 3.534292 1008.000000
4.319690 4.319690 270.000000
4.319690 5.105088 42.000000
4.319690 5.890486 24.000000
5.105088 0.392699 277.000000
5.105088 1.178097 740.000000
5.105088 1.963495 1929.000000
5.105088 2.748894 2205.000000
5.105088 3.534292 2275.000000
5.105088 4.319690 1011.000000
5.105088 5.105088 207.000000
5.105088 5.890486 113.000000
5.890486 0.392699 102.000000
5.890486 1.178097 629.000000
5.890486 1.963495 1257.000000
5.890486 2.748894 1677.000000
5.890486 3.534292 2649.000000
5.890486 4.319690 1997.000000
5.890486 5.105088 616.000000
5.890486 5.890486 106.000000
