0.392699 0.392699 622.000000
0.392699 1.178097 1045.000000
0.392699 1.963495 1744.000000
0.392699 2.748894 1814.000000
0.392699 3.534292 1073.000000
0.392699 4.319690 641.000000
0.392699 5.105088 630.000000
0.392699 5.890486 554.000000
1.178097 0.392699 493.000000
1.178097 1.178097 538.000000
1.178097 1.963495 1174.000000
1.178097 2.748894 1729.000000
1.178097 3.534292 1864.000000
1.178097 4.319690 1330.000000
1.178097 5.105088 1040.000000
1.178097 5.890486 960.000000
1.963495 0.392699 385.000000
1.963495 1.178097 125.000000
1.963495 1.963495 200.000000
1.963495 2.748894 680.000000
1.963495 3.534292 1712.000000
1.963495 4.319690 1774.000000
1.963495 5.105088 1189.000000
1.963495 5.890486 800.000000
2.748894 0.392699 344.000000
2.748894 1.178097 160.000000
2.748894 1.963495 48.000000
2.748894 2.748894 67.000000
2.748894 3.534292 203.000000
2.748894 4.319690 518.000000
2.748894 5.105088 788.000000
2.748894 5.890486 602.000000
3.534292 0.392699 457.000000
3.534292 1.178097 680.000000
3.534292 1.963495 488.000000
3.534292 2.748894 173.000000
3.534292 3.534292 46.000000
3.534292 4.319690 44.000000
3.534292 5.105088 183.000000
3.534292 5.890486 374.000000
4.319690 0.392699 1038.000000
4.319690 1.178097 1309.000000
4.319690 1.963495 1568.000000
4.319690 2.748894 1646.000000
4.319690 3.534292 827.000000
4.319690 4.319690 229.000000
4.319690 5.105088 140.000000
4.319690 5.890486 386.000000
5.105088 0.392699 940.000000
5.105088 1.178097 1123.000000
5.105088 1.963495 1668.000000
5.105088 2.748894 2155.000000
5.105088 3.534292 1851.000000
5.105088 4.319690 1098.000000
5.105088 5.105088 537.000000
5.105088 5.890486 576.000000
5.890486 0.392699 393.000000
5.890486 1.178097 698.000000
5.890486 1.963495 660.000000
5.890486 2.748894 919.000000
5.890486 3.534292 1632.000000
5.890486 4.319690 1519.000000
5.890486 5.105088 788.000000
5.890486 5.890486 407.000000
