21 0.541938424 0.456654251 2.60117316 0.219590992 0.636120379 0.408719182 6.01440859 0.282131076 0.166846856
17 1.12825155 0.182463720 0.238531709 0.430000186 0.907297969 0.793755949 5.34262276 0.461203486 0.539963126
28 0.872391164 0.588470578 0.519716918 0.374040812 2.81872034 3.22372057E-02 3.41383672 0.498273730 0.191276670
11 0.271040022 0.427837998 1.00351012 6.80434406E-02 1.73269832 0.266499758 1.46108603 0.418817252 0.467638344
26 0.346423715 0.355851740 3.53554797 6.82246909E-02 1.35205662 0.107295074 5.48826195E-02 0.336972803 0.276984602
14 0.950369895 0.126110733 2.34303737 3.80138792E-02 2.28986549 0.196776971 2.03784657 0.282109946 0.319011748
30 0.186831951 1.97546077 5.11371517 0.115303539 0.987821221 0.322488159 4.99188519 0.313119471 0.420019746
24 0.808614254 0.260040909 4.50733185 0.176170766 0.630535901 0.122326612 4.17356920 4.95214462E-02 0.223345309
27 1.89350581 0.248606324 3.23751330 0.139953703 0.459338933 1.58793521 4.24485683 0.431025982 0.331691086
2 0.980847001 0.242754072 6.06419086 0.429885119 0.434314698 0.790944219 3.27570271 0.223288402 0.224396184
18 1.85267842 0.325513303 1.32823968 0.462949336 1.13245833 0.484273404 5.47859478 0.585487425 0.527573824
19 1.34234560 3.81226614E-02 5.12063503 0.366358042 0.742978871 1.09817338 2.19111729 0.582863688 0.410163820
16 0.732969344 0.177915275 1.96661437 0.162453249 2.44016194 9.13926065E-02 4.91022539 0.381247938 0.423177332
29 1.10190570 0.351765454 3.44772410 0.345050603 0.680548668 0.549862564 5.74572182 0.321571887 6.05173334E-02
23 2.59069729 0.179869488 4.36398697 0.405369312 0.624502957 0.843060791 1.31567872 0.468124956 0.193694472
38 0.613710523 1.08847976 5.48509884 0.503586709 0.300836593 0.267825752 3.16853738 9.58343297E-02 0.441067755
13 0.581390262 0.590871215 3.13268900 0.273717880 1.12686670 0.338868558 2.49109674 0.261112928 0.495625675
7 0.437664211 0.680948853 0.112052388 0.232750759 1.50670767 0.230359063 5.70465565 0.232931137 0.412424833
3 0.311847568 0.886880457 4.08036137 0.207679734 0.00000000 0.00000000 0.00000000 0.00000000 -1.00000000
22 2.00060225 0.134137973 1.10195446 0.310122401 0.474792629 0.546993494 6.26497030 0.265798181 0.551857173
39 0.731914282 0.162656993 3.95069408 8.15743953E-02 0.156903610 3.03771758 5.45020390 1.87136959E-02 6.94295764E-02
4 1.26037407 0.521043003 6.10714722 0.560411155 0.308985412 0.596248269 6.10327339 0.140287638 0.700513840
35 0.908773303 0.271076232 4.41786480 6.72101006E-02 1.87866354 0.218074977 2.89942622 0.522125661 0.479643315
50 0.463594824 1.18367100 0.584547222 0.381337076 0.812611461 0.298648864 1.17136765 0.222658530 0.516729593
45 1.46488738 0.213548273 2.41847062 0.189007103 1.69372833 7.11274222E-02 3.87273455 0.366176426 0.460665345
58 3.22535253 0.365570188 0.381989300 0.913387239 1.51793814 0.433964700 6.17456055 0.568781197 1.43124485
57 0.916541696 0.540767312 0.620124817 0.372934461 0.537915707 0.220637202 5.22640705 9.91463438E-02 0.288193285
49 0.381695598 0.595052421 1.41398561 0.225978240 0.512795866 0.288099498 4.71452856 0.111066610 0.151827201
37 0.513251305 1.04076815 5.21907711 0.425984323 0.705476344 0.263298392 4.59768200 0.207136303 0.593876421
47 1.31634605 0.249488980 3.86240172 0.316412091 0.328314424 0.321975261 0.279030114 0.102265708 0.248959765
59 0.509309530 1.66320801 4.16345336E-02 0.486237198 0.344593227 0.292291045 0.297365278 0.105514266 0.520467699
48 1.89550412 0.603159666 1.42357231E-03 0.424609900 1.24502838 0.157331914 0.448189765 0.295881122 0.147052929
66 0.200662956 0.790735960 4.22386646 6.51526079E-02 1.33066595 0.296196580 3.99991536 5.13694137E-02 2.51073446E-02
55 0.713151872 0.372103482 3.67459249 0.284940183 0.493620068 0.750737906 1.26901960 0.302858859 0.193342730
61 1.32604229 0.409782857 2.18319082 0.442183912 1.87630951 0.387190074 3.75550699 0.629358351 0.635180175
42 2.76450562 0.290116817 5.37310982 0.392654032 0.249648407 1.39794731 1.57766235 0.206273377 0.188289255
52 0.381764799 0.962035835 2.89661407 0.309572309 1.83588004 0.586053729 0.413049638 0.723556697 0.430709183
53 0.847658753 0.436768979 1.37040639 0.264320314 0.324102581 0.650357306 0.226079255 0.183531806 0.383109927
43 1.49470782 0.304537266 0.236608386 0.361412257 1.20704806 0.368417919 1.78195429 0.267746240 0.117177330
76 2.13328910 0.386489689 3.41078472 0.448679715 0.798124254 0.203566954 5.52271461 0.326864004 0.487407416
60 1.00421453 0.544217825 5.24601316 0.460458338 1.17430842 0.426572472 4.43890095 0.398846298 0.767735720
65 1.48562765 0.502946079 3.26944399 0.574256957 1.54210138 0.556916952 4.94015694 0.633630693 0.425530881
64 2.74870229 0.347468287 6.19943047 0.616974235 0.811525702 0.799774647 3.52277899 0.628809571 0.229838923
67 0.412642270 0.807676733 2.31889462 0.312383264 2.13924479 0.116568908 4.71431091E-02 0.225273937 0.466099173
84 1.55208874 0.102420352 5.45437479 0.174215853 0.930070579 0.287488431 6.10933542 0.123184368 0.153300092
68 3.33677125 0.347038835 4.21481562 0.599855065 0.237351015 0.673989534 4.14591551 9.30454060E-02 0.691877842
71 2.04037142 0.202984720 3.71377921 0.251804501 0.375909299 1.18945575 0.168092042 0.336889058 0.285690844
74 2.38740873 7.51432031E-02 1.92524970 0.140122250 0.834164739 0.301535457 5.39250088 0.276915729 0.247733325
78 0.681204915 0.127988130 3.79449391 0.102108002 0.191566363 0.832631350 0.921319604 0.104168177 0.130328789
69 1.61797166 0.129707277 4.29981327 5.76585531E-02 0.821939707 0.351777375 5.27554560 0.225534409 0.209269390
86 0.888737798 0.444286078 0.982352674 0.203742772 2.16795135 0.128199965 0.535335183 0.320398837 0.282820672
89 1.20763600 0.108421840 2.18871737 8.27733949E-02 1.11581552 0.294159770 0.884474993 0.309314132 0.327600688
79 0.565685630 0.539977491 3.52947807 0.251350194 0.723656356 0.511467278 0.985507011 0.355370730 0.104069792
83 1.35709870 0.120586060 0.235568941 0.141962677 1.21025848 0.431282848 0.819876969 0.438541949 0.520007372
85 0.704772830 0.391674906 5.98925829 0.205867380 0.999814510 0.788611770 1.73283172 0.682348728 0.538452327
75 0.966655910 0.445416212 5.62890959 0.355690092 0.214447051 1.93372190 3.17905092 0.125373304 0.360963970
82 0.305006653 0.762006521 3.20091367 0.173899323 0.310251743 1.20040298 2.12303448 0.262128174 0.383014053
97 3.20637774 6.14118651E-02 4.68033886 0.260928661 0.421621472 0.336022407 5.89050484 0.114669710 0.261962771
93 1.63401318 9.62899253E-02 4.72900057 0.336666644 0.203231052 1.22479296 3.19126201 0.126577869 0.224817336
99 0.942547619 4.98230048E-02 3.51649880 0.349044442 0.862149239 0.806276083 4.28035641 0.362575620 0.246003628
63 1.18253088 0.496819973 3.76686835 0.490741968 1.83859062 0.239632368 4.14567709 0.326423585 0.792308211
80 0.889315963 0.702924311 2.07943439 0.525069773 2.61012459 0.378821522 9.56941545E-02 0.698721766 0.185179010
110 0.313020378 1.34729862 0.840293705 0.266313344 4.00700188 8.26520547E-02 0.746889889 0.237334833 0.326729864
92 1.68101203 0.538884819 5.97202826 0.520868659 0.200205117 0.951642334 1.61015952 0.126711145 0.493125379
101 0.141619518 1.54579997 2.13337088 2.37180963E-02 0.546891987 0.380823553 3.30255866 0.210071161 0.229273781
91 0.727580786 0.604564071 1.90516889 0.490635276 1.71951425 0.330118388 4.61105442 0.508556366 0.545251250
112 2.85364389 4.76025268E-02 3.86229515 0.394144922 0.570816815 0.457375288 0.661258459 0.232669666 0.368253410
90 0.935305774 0.152502045 1.84616292 2.88530421E-02 1.86930394 0.148754805 1.36963844 7.47740194E-02 4.69512306E-02
104 0.971388996 0.254687697 2.22561073 0.234073192 1.41983628 0.388244927 5.34811258 0.551748216 0.328362525
98 0.699863791 0.464635581 4.63551712 0.293960422 0.893629074 0.320915580 0.838248193 0.278536737 0.132280976
106 0.636311591 0.288266867 2.88026047 0.143796757 0.469308078 0.747871757 0.213614643 0.316899896 0.184046090
117 0.461626887 0.279059112 5.68854618 0.102197208 0.838326931 1.03417611 5.66074276 0.690588832 0.792556107
111 0.512224734 0.271425933 2.63596439 0.268707186 0.505200148 1.49534452 5.41942453 0.474129617 0.354217350
126 0.996722758 0.499764144 0.950006127 0.392221481 0.600852728 0.230209962 0.324359119 0.120102920 0.469384074
44 2.32344151 0.125173703 5.00311756 0.101303943 1.92410302 3.58681679E-02 6.14909744 0.264088392 0.337949902
95 0.557309449 0.657699704 1.99714780 0.273362458 1.61381865 0.174340397 1.69879830 0.361041963 0.524932086
120 0.843893766 0.667389274 4.06469440 0.433899313 0.664804339 0.401888251 2.81859827 0.294677585 0.563756943
128 0.331525445 0.951718628 4.65478373 0.225365266 0.605761945 4.37448770E-02 1.39927018 0.110172227 0.159133434
107 1.38913870 0.453507870 0.119684383 0.666838825 2.20325279 0.311661571 2.04936814 0.683244526 0.874568284
116 0.350288808 1.84630322 1.84158731 0.273494661 0.595365763 0.552375078 5.15365076 0.153219402 0.123624690
127 0.552318752 0.122327097 6.20335484 6.68044761E-02 0.175657138 0.571636200 6.27451897 3.66300307E-02 4.73824702E-02
119 2.34258199 6.81025758E-02 6.26433039 5.55997789E-02 0.896521926 0.216591135 3.12898684 0.230393097 0.182225093
139 0.199304312 0.933129311 2.66542602 0.130746901 2.13999438 0.228979796 5.10354567 0.276282638 0.351592332
114 2.35517335 0.317127645 0.379797190 0.597241640 2.78081012 0.199717388 3.19533753 0.710122108 0.214568362
108 0.593897521 0.325787187 2.60405064 0.161632612 0.00000000 0.00000000 0.00000000 0.00000000 3.29041505
96 2.97057128 0.196478888 0.738384068 0.402738214 1.84657431 0.273206115 2.40104246 0.423447400 0.268829763
129 0.418644786 0.340758741 4.12501669 0.164126426 0.913933039 0.552138329 4.22825480 0.534456313 0.697364450
115 0.983270228 0.334086120 1.17923486 0.446105778 0.927774131 0.426370740 4.60144043 0.438537598 0.548315465
105 0.357447982 1.11753893 2.25155520 0.291686505 0.986949682 0.160332397 5.21618700 0.225796416 0.183181301
124 1.20418537 0.201792389 2.25543976 0.147790000 1.48685229 0.186928675 4.02714539 0.320156902 0.275755733
138 0.168667182 2.13322377 0.789811194 7.40189701E-02 0.305537909 1.66364598 3.77829432 0.271757990 0.198902979
143 0.817134440 0.155596867 1.92093682 8.95999447E-02 2.88074446 0.186810613 2.33012486 0.219426885 0.291711181
136 0.970421910 0.370127916 2.23375845 0.254887134 0.365007818 1.56249428 0.746810555 0.333488196 0.327964187
132 1.23309457 0.232518703 3.48216224 0.126638174 0.622381628 0.747072339 3.71997142 0.345830202 0.456549495
134 1.14412069 0.352122664 5.48117590 0.352750182 0.406024992 0.778727651 6.27832651 0.185934246 0.406872213
135 0.525692701 1.43542576 1.73542118 0.469321907 0.476059616 0.484299660 4.97396374 0.315494657 0.193727776
159 5.57254839 0.135284752 1.30825639 0.816040516 2.34473562 0.150558949 3.12222052 0.232087225 0.686025262
156 3.24407482 0.149746895 0.353082299 0.390577376 2.58543587 0.305276245 5.72024155 0.446203589 0.477713764
154 0.236572549 1.72002900 4.76800442 0.190254480 0.199789628 1.03078210 3.96102238 0.108088635 0.269365907
150 0.926252306 0.245144069 0.952586889 0.146875694 0.821589470 0.444416285 0.172941431 0.348592281 0.480474710
161 1.80748081 7.43915364E-02 4.52538967 0.352597564 0.669495761 0.163063943 1.30619442 9.35265720E-02 0.369161934
157 0.339083612 0.602010190 4.70724583 0.183863446 0.321162015 0.963331580 3.33221650 0.184092879 0.239038453
144 0.562549055 0.587122977 4.88314629 0.329242110 4.28943348 0.163337976 1.15733457 0.481862098 0.357752591
164 0.910379529 4.51599546E-02 5.75121117 6.31366745E-02 2.73252034 0.130356804 1.11042655 0.523491263 0.576555729
155 1.15648246 9.17576104E-02 1.82545877 0.126147255 0.638516963 8.16606283E-02 3.42475677 1.77795738E-02 0.120004989
145 1.79772139 0.348260015 5.19950867 0.721413374 0.425524771 0.824896336 3.94160032 0.274888158 0.814797878
152 3.28321624 9.15883258E-02 4.35162830 0.302816272 2.28347230 0.141261965 2.72925329 0.410080105 0.588021994
141 2.00636268 0.226456791 2.63892508 0.400372773 0.911720455 0.366927147 1.20696118E-02 0.359064132 0.275632054
160 1.09193468 0.478390038 0.175404131 0.328427851 0.454430699 0.865046382 4.51546955 0.323771924 0.202237457
118 0.779412150 0.766817272 5.02355957 0.551884234 1.12947333 0.180042654 0.970356584 0.143715695 0.478223324
109 0.258745551 1.57584512 6.07795811 0.217847258 0.416001379 1.51130569 4.47472572 0.358017206 0.413714975
163 0.409454614 0.333689988 3.59388900 0.161930084 0.401061296 1.40972519 2.83841848 0.370358825 0.479670554
151 0.795449615 0.237645641 2.36808491 0.216301844 2.03515077 9.95846763E-02 5.67099810 0.119138621 0.108662054
176 0.527176321 6.47431090E-02 2.37984610 4.48378734E-02 3.15950465 6.90438002E-02 4.43276405 0.126486525 0.109948970
166 0.605623364 0.936159313 1.20692050 0.364439040 1.56221962 0.453197181 5.95358992 0.721373677 0.613138199
167 1.76968241 0.234221339 2.74779749 0.352394998 1.79844332 0.121505179 4.91907930 0.342671186 0.405827224
173 0.748511732 0.726095855 9.41458270E-02 0.527238131 1.42288172 0.122550130 3.57629991 0.157264844 0.496164858
168 0.637479663 0.364266753 4.70922995 0.256772965 0.527740955 0.858595014 3.27332091 0.317475468 0.354352027
170 2.89525127 0.316329986 1.24574161 0.316636741 0.256856561 0.667111993 4.84167099 0.168489888 0.265574723
158 1.86116087 0.184270084 1.03844607 0.315248221 0.980220735 0.299648970 2.96611166 0.244197011 0.197034642
175 1.06116343 0.531362653 1.84649324 0.239185303 0.343180478 0.915321231 1.35919714 0.186033800 0.394372880
169 1.80093408 8.39131251E-02 1.91230059 0.352213621 0.363015532 0.462537766 4.61325264 0.136421785 0.311935693
192 0.376460224 1.01120019 1.56674635 0.261554301 0.244267583 0.556669950 6.26429892 8.22067857E-02 0.229289681
174 1.70142233 0.339854777 0.323149323 0.471444577 2.26867557 9.15289968E-02 5.00449324 0.164058134 0.307448179
165 1.80257237 0.519115448 5.14834499 0.696977973 2.53659892 0.128728509 4.26758575 0.242682174 0.632559240
179 0.488915354 0.954347491 2.20974636 0.354584098 2.24225879 0.508464038 1.64116216 0.741721869 1.06933749
172 3.00236917 0.169190422 0.898776829 0.556369007 1.54532075 0.199106574 3.16787648 0.234836385 0.349148065
186 1.86915672 0.282605857 4.38102531 0.196176678 0.234350473 0.189104810 3.63304567 2.20782813E-02 0.186550274
191 1.78706491 0.213117257 5.52575016 0.308172405 0.496654987 0.868765771 4.86543737E-02 0.305068463 0.405717343
190 1.62202001 0.276325613 6.13888264 0.273793459 0.772241592 0.173662841 1.75160396 0.169286132 0.185357884
181 1.20391750 5.63791096E-02 3.68430257 0.180281937 0.315258771 1.43524671 3.98660612 0.272540450 0.237975627
188 0.699074566 0.418803334 5.90907812 0.242759213 1.17817748 0.371444702 3.89017987 0.348390818 0.107078418
183 2.41996551 0.199540049 3.76429367 0.288581252 0.409596533 0.122458920 2.16410542 0.122691780 0.395002931
200 6.41205645 4.84972522E-02 5.27057886 0.307187498 0.602100849 0.215926692 4.78017616 9.67628807E-02 0.318155617
202 1.56284010 0.190961197 4.08222389 0.211165130 0.323964775 0.504749000 4.20254230 0.126998246 0.337060869
184 2.73622274 0.224148124 3.92582631 0.320885867 0.321031004 0.316992462 2.74150896 9.43931565E-02 0.365767956
180 1.82257771 0.410021544 5.83546591 0.225429460 0.540517926 0.313103169 4.73477316 0.187806711 0.300641716
199 0.506400168 0.597311199 2.41977334 0.303036332 3.23732996 0.200231686 0.167423069 0.343966335 0.299207658
187 0.435241997 1.10108340 1.98515391 0.382257849 5.24005938 0.206697643 5.29412222 0.617636979 0.235430568
207 3.47273707 6.36720359E-02 0.292671442 0.406879812 0.408646315 0.724522293 3.07554698 0.254056156 0.362674326
203 0.204737902 1.30601811 4.98840809 0.147404611 0.361092925 1.06998396 1.51051283 0.272255510 0.135765821
204 1.08073103 0.350564659 1.52159774 0.203784466 0.876430213 0.203451648 0.488207668 0.235259861 0.341267377
195 2.08216119 0.304673195 5.72344589 0.550349057 0.280257940 0.302463889 0.699336708 8.47355053E-02 0.587096035
177 3.62260365 0.340075165 2.91989660 0.620383203 0.688948810 0.370848149 5.78514385 0.356580943 0.387994081
213 0.599057972 0.342681468 6.21519041 0.278475493 0.735744596 0.846238554 2.01120949 0.403422207 0.222205788
210 1.47160697 0.220199928 6.17169952 0.184300780 0.359718472 0.251598090 6.16904926 5.04605360E-02 0.234477207
206 0.686881125 0.428665876 5.76031208 0.354877025 2.57293415 0.254642040 3.34132123 0.219832867 0.140845239
201 1.10515857 0.387321055 4.74958754 0.154626429 0.365299046 0.965456009 3.80570030 0.258510351 0.379909962
193 1.27647281 0.399514407 6.25988197 0.414326578 1.35162842 0.194706529 2.58462358 0.403893620 0.348818094
209 1.42306972 0.447593242 2.31280375 0.567700386 0.186565533 1.51260602 0.394479960 0.123450309 0.573125720
217 0.162128255 0.937833786 5.13366604 6.43245876E-02 0.939650953 0.817699730 0.369440049 0.651568055 0.653401732
211 0.906688333 0.203474358 5.11300087 7.15065375E-02 4.68145657 0.202033430 4.36008739 0.369494408 0.320291668
223 1.77849209 0.429597735 4.52041054 0.378236800 0.780814528 0.387428820 0.585518122 0.438528478 0.377461314
197 0.509485185 0.195091546 4.24497461 0.111473188 0.929024100 0.565686762 5.62148285 0.547662377 0.610120654
231 0.264825195 0.574752510 2.10504818 0.166077003 2.01618838 0.315137953 6.08654451 0.219130054 0.298090816
205 2.01260471 0.463975787 4.04032469 0.595601678 0.249164715 0.781627953 5.90267849 0.147420555 0.522934854
215 3.34500170 0.198290080 6.13039780 0.542602420 0.633902252 0.494405448 6.17836189 0.253589243 0.769396126
227 0.360662371 0.988465071 5.77314901 0.225783899 2.80453348 1.60020944E-02 0.591715515 0.663771272 0.445433497
218 2.65075183 4.97475453E-02 5.75357914 0.164791852 1.22663856 0.495851934 3.32942978E-02 0.553703308 0.627947152
222 3.35697794 0.190183014 3.67116523 0.404543310 1.22145236 0.537250161 4.16973209 0.541709721 0.886111975
212 1.48576677 0.207718343 6.26482725 0.332154721 1.23803782 0.162697837 5.96889353 0.258944929 0.583784282
214 0.384661555 0.970440626 3.48397970 0.328214169 0.200913817 2.55547094 3.38414383 5.85701242E-02 0.384080410
225 1.23066342 0.428258002 4.91785622 0.221229941 0.575511038 0.594938338 3.20458913 0.323419660 0.206098080
228 0.582598031 0.892536819 5.02272320 0.336301357 0.219721407 0.404560387 2.83593941 0.112715200 0.295207649
226 1.54272461 0.225791901 3.05922413 5.85204624E-02 0.395044148 0.841715693 2.67534900 0.210222676 0.165658370
244 0.357335776 1.40250111 4.71732235 0.325375885 0.252018660 0.718265891 2.60663748 9.83050913E-02 0.262619585
229 2.60969663 5.91793768E-02 3.72185707 0.475911677 0.643222570 0.292656541 3.73970032 0.241142109 0.705419540
219 0.563670397 0.593582392 4.37262392 0.203147367 0.357124716 1.01120079 3.55063200 0.261376411 0.425825566
233 5.06510878 8.50138888E-02 6.14128828 0.511666536 0.605581641 0.258497149 4.24990989E-02 0.152973637 0.653836131
240 0.284236073 1.65489876 0.910677433 0.247169361 1.32386124 0.228716269 1.40520704 8.32773671E-02 0.324910343
243 0.409077406 0.729778111 2.26338696 0.187110722 0.555735707 1.27714825 3.19366384 0.517493665 0.671693265
232 1.10308969 0.419381440 3.02235985 0.360414088 2.80241203 0.277573198 3.94423175 0.564516902 0.759818316
237 5.03692245 0.112074770 6.18143082 0.388045698 1.76624596 0.130724043 2.39779854 0.269298941 0.123449244
250 0.278865963 1.07289886 5.17835522 0.207824707 0.169971213 1.69481611 5.25369883 9.66719761E-02 0.304084569
258 0.401108056 0.526581466 5.25444126 0.197650358 2.74672961 0.169217333 0.589143276 0.140994117 0.236739382
239 1.20258522 0.275852889 5.69356251 0.134850964 0.806777418 0.427506030 2.46609306 0.539103329 0.609690070
261 0.871289313 0.324692398 5.11340427 0.161676958 0.467181623 0.466034323 5.72564411 0.102309704 0.206793308
198 2.86609674 0.222068474 2.55671310 0.433727890 1.12349319 0.685871243 5.56272936 0.767797470 0.373411000
230 0.679421246 0.352265388 5.55020809 0.352941990 1.52731252 0.495226711 0.797822893 0.503364921 0.666318953
249 0.363871187 0.456696957 0.985226810 0.178256154 0.421880186 0.270947307 3.32849693 4.91778255E-02 0.135851696
248 0.993420541 0.586676836 4.09728432 0.456390262 1.25381374 0.188713133 5.10346127 0.214352131 0.506523967
269 0.767245829 0.511727452 0.504574597 0.227209151 0.356962264 1.31602955 2.07679510 0.306569368 0.290207207
264 0.918040276 0.143055812 2.12792063 0.175608739 0.352975994 1.93405807 4.44147730 0.312888056 0.141416237
265 0.189355940 1.27338994 5.47929192 0.121524356 0.414342195 0.631451488 0.940148413 0.175229713 0.177270636
263 1.13355541 7.92442709E-02 1.60449147 0.120731920 1.61098683 3.58215980E-02 0.508788228 6.00268282E-02 0.180524126
268 2.27833390 7.11584464E-02 5.05291653 3.82608175E-02 0.341624826 0.315736443 2.55616808 0.114173241 0.120987386
245 2.24764323 0.350130320 4.19321060 0.334422410 0.726123512 0.411144078 4.77106190 0.169156164 0.435236931
256 1.37466156 0.488196492 1.27300811 0.519724667 1.48677242 0.298155785 2.73866391 0.291472018 0.399980724
260 1.35487521 0.192012236 5.97545195 0.225213081 1.42707634 0.168166831 0.354881078 0.152093932 0.349894315
267 3.52754092 6.24853633E-02 0.736225843 0.382520914 0.481362253 0.974530935 0.753115416 0.385137171 0.714920461
262 0.751968026 0.423251599 1.52728820 0.263232291 0.383955091 1.95871341 5.57688427 0.345635593 9.96321142E-02
266 1.09813094 0.365953654 4.36061478 0.251042575 0.599291027 0.360252887 2.88268328 0.223237529 0.309740484
241 1.12949193 0.681603372 0.766672254 0.518905282 1.47078538 0.291930914 1.03810966 0.116415918 0.630166233
259 1.19647944 0.652769387 5.89439440 0.389821857 0.385792255 0.451630473 0.269548565 0.134783238 0.460094661
270 1.94103622 0.111452170 5.63151026 0.209741667 0.196257740 0.343831748 1.29869866 6.27922565E-02 0.259717882
254 1.39144123 0.185393214 0.390329897 4.06448320E-02 1.61343336 0.373952776 0.384965479 0.307580382 0.318579465
276 1.52260005 0.464563102 2.20625973 0.540480614 0.395761698 0.792119205 5.63907719 0.304250836 0.385432392
255 3.23873115 0.120395146 5.28326225 0.156907797 3.48760104 0.255477399 4.99703693 0.335617989 0.187652528
246 0.592720747 0.778578460 2.55626369 0.248420492 0.252732545 1.15087223 4.39195299 0.192789361 0.200551152
291 1.66464376 0.308244705 4.42281628 0.567993283 7.74452257 9.72197428E-02 0.704874098 0.436954707 0.379841387
273 0.744185686 0.289797008 2.01624465 0.131316796 0.877903759 0.535062850 1.64281309 0.383384734 0.512612998
277 0.272873193 1.79049015 2.16122293 0.234447345 1.63588834 0.308247477 3.17010880 0.244009733 0.253239632
271 3.50230050 0.245721772 1.29452980 0.417964190 1.24451840 0.152047813 0.217395112 0.186746359 0.405387551
292 0.435948461 1.12252188 5.09918118 0.283020854 0.266967744 0.500173330 0.248089582 0.110987864 0.235850558
272 0.753891826 0.593895733 1.89788628 0.290415972 1.03684175 0.432969511 4.98797989 0.604179084 0.323916376
279 0.588434756 0.679983199 3.84466624 0.334904850 3.26141620 0.240947768 5.70088959 0.491047829 0.156262204
294 1.13597214 0.333907187 0.383069545 0.303392440 2.51196432 9.14644152E-02 3.05899477 0.362792641 6.04522936E-02
303 5.14547396 0.141187847 4.52927303 0.286490887 0.221380591 0.327648848 1.33722067 7.34659359E-02 0.262682617
285 3.11310315 6.50271624E-02 2.98758888 0.334028631 3.33834267 0.150741234 0.872044742 0.432323903 0.457131386
274 2.77696586 0.451366544 4.21002722 0.585296690 0.293243736 1.13956201 7.09123835E-02 0.242349952 0.392074347
297 2.68266749 0.369211346 2.91967010 0.535742640 0.155034602 1.97264981 3.16735196 6.63100332E-02 0.584881067
282 2.08539820 0.146282360 1.85761070 0.603391349 0.906838477 0.853510916 3.62895355E-02 0.560310066 0.465416312
299 0.859574080 0.178439558 5.24620056 0.238701001 0.726810694 0.343978822 5.58461428 0.323094696 0.561755240
288 1.53905296 0.417435348 4.38962030 0.342433482 0.591613948 0.647641063 3.00042987 0.322368711 0.401861995
306 0.213471055 0.793376803 5.50761461 0.105993323 0.532614589 0.121711053 6.16916561 5.51357977E-02 0.129033461
302 0.588002145 0.526990950 2.97089291 0.315923035 0.372113615 0.620226026 1.07658470 0.116962120 0.212543443
290 2.49810719 0.270664334 4.46391869 0.602183640 0.958458543 0.390935689 1.74913979 0.371652514 0.230543226
313 0.303002387 0.280936182 0.503841877 3.83094698E-02 0.572739005 0.500275314 1.03423882 8.98623243E-02 6.21888041E-02
305 0.382037342 2.18310046 3.44302177 0.333963662 0.425648779 0.226998508 3.58102322 8.22219476E-02 0.326380491
280 3.45070863 9.38867852E-02 5.97904491 0.382019460 1.09652185 0.309278607 3.59835005 0.368697762 0.476566494
307 3.00184965 0.205679253 3.26305175 0.449103028 0.444463581 0.551581442 4.47826862 0.174041569 0.395990968
312 1.96381819 0.181149364 1.39879966 0.456060946 0.255531222 1.34749925 3.50501704 0.200854391 0.271924883
275 0.713113189 0.560817242 4.15168047 0.335181326 0.550262630 0.313653618 6.19599819 0.212767467 0.320416868
300 0.935839534 0.311992049 1.07392216 0.475570887 0.798568130 0.546633542 3.80192733 0.246531755 0.268494755
332 0.797575235 7.25959539E-02 3.01484179 0.189930111 0.328436315 0.685207963 4.03241825 0.165038183 0.241471991
309 1.13660097 0.761432886 3.27264118 0.815182567 0.472406834 0.714958012 5.85854340 0.297740549 0.624155700
316 0.234305725 2.36466360 5.46509075 7.64469877E-02 0.284384966 0.138718158 1.76761949 6.17016219E-02 0.136546373
331 0.392382801 0.608008921 5.94045019 0.205451682 0.515657842 1.30394745 2.57728195 0.479433030 0.277411342
323 0.175652102 0.913024306 5.42062950 8.89697671E-02 0.999855042 0.843429387 3.46826053 0.633348167 0.599085450
311 2.54892063 0.179510653 2.59834266 0.330691516 0.903221369 0.231828094 2.14811206 0.152064145 0.460516274
337 0.935672760 0.594820380 3.34651542 0.295301288 0.894911289 0.419541121 4.21532488 0.268731952 0.401262939
319 0.858798444 0.411923081 0.636662841 0.257782787 0.697547436 0.695958972 2.74760890 0.420069575 0.184957758
326 0.193733752 0.916241586 0.577594399 9.31038931E-02 5.24613953 0.263991863 0.240618587 0.705628395 0.776735008
318 1.68716383 0.184645101 4.63196468 0.176475674 0.889353096 0.343237698 3.22355413 0.310607612 0.379040867
327 0.807023346 0.730964303 5.80369234 0.334740490 0.256979793 1.55411148 2.96265101 0.207992449 0.153859928
329 2.09324718 0.306898236 3.50214386 0.603899896 1.51244533 0.192758843 1.85899949 0.217909694 0.559411764
330 0.652108371 0.138471365 2.95512700 0.149555817 0.416328907 0.644306719 4.82126474 0.190937772 0.134771600
320 2.04551411 0.375174642 2.62984419 0.416193545 1.54038537 0.110459551 0.336898029 0.379620373 3.71479020E-02
343 0.777635574 0.934148192 0.992758214 0.561777472 1.58088100 3.39591280E-02 4.08235455 0.338937879 0.446364373
349 0.428737134 1.05428052 1.89173949 0.364287585 0.322376013 1.84933543 5.47247601 0.283324778 0.160252452
342 0.439692229 0.328180373 0.657192707 0.147438198 1.80566180 0.211617902 4.89993000 0.367811620 0.354703993
336 0.671324670 0.724325836 0.561546922 0.409060836 4.07964849 9.82429236E-02 1.99361610 0.206602409 0.256458789
355 0.529551268 1.21153116 2.11673880 0.452687323 0.773083687 0.157239437 0.506853759 0.216777489 0.415000856
314 0.612122118 0.438145965 0.353771836 0.287808031 1.20127320 0.623696148 4.53334379 0.490274608 0.232798547
324 2.54549789 0.162948236 4.67236137 0.302390814 1.77877772 0.462615252 4.70948219 0.702485383 0.989457846
341 0.481917292 0.770455718 3.81161785 0.245393306 0.339252651 0.413116604 3.49187756 9.14171785E-02 0.317849010
334 1.99425530 0.222101226 5.24866009 0.512126744 1.17288458 0.194910362 1.97015750 0.199785814 0.359876186
345 3.14297295 1.04838908E-02 2.98293710 0.385445386 0.796888947 0.705075860 5.63224983 0.476236761 0.460449994
351 0.666059196 0.897522032 0.405820101 0.412973076 0.757834613 0.450362116 4.97285175 0.290789843 0.247478157
296 0.899872124 0.310765773 4.85449409 0.180400103 4.40221167 0.103176028 4.03847504 0.357034773 0.320169568
340 1.23809516 0.248547450 1.17991972 0.281840652 0.868394673 0.577090919 0.472924352 0.257860243 0.341296375
357 1.55699503 6.93429485E-02 2.07066298 0.327001929 0.243156269 0.485521972 3.93764448 5.83380200E-02 0.268705577
359 0.634732902 0.191320419 2.70301580 0.144515172 0.228334531 1.00878191 5.92854738 0.148951203 3.24266180E-02
352 0.513635039 0.371438473 2.87133193 0.142848402 1.51143885 0.292634457 3.46603799 0.364109516 0.476880074
356 0.183928370 0.157932580 0.649870455 3.98802869E-02 0.499087542 0.652971447 4.59740734 0.200957805 0.161727086
354 1.36492205 0.397508830 4.35657978 0.541722775 2.67702794 0.300738454 6.17983484 0.621056914 0.624276340
346 0.905953825 0.535349071 1.60978603 0.475514382 0.309216499 0.816735625 5.18804359 0.207126558 0.341937751
363 0.409886628 0.924488008 0.782410383 0.271509916 0.184291527 1.27397096 1.23613083 0.111348376 0.375669628
366 2.31937599 6.93979859E-02 4.55287218 0.108173862 1.57746565 0.150150672 0.144303799 0.214121774 0.107399680
360 3.74651980 8.11445713E-02 1.12114930 0.583399475 1.32246959 0.566992164 4.70346928 0.736665666 0.846584499
353 2.81707907 0.347855806 2.02278662 0.634700239 0.484009504 0.185483411 0.820152402 9.15900767E-02 0.623949289
335 0.551121354 0.407490373 4.13291836 0.302237600 1.03392720 0.395953804 2.06149793 0.163240820 0.273472816
378 1.13422370 2.67807003E-02 2.62450409 0.251840025 0.542707503 0.597124457 1.00292277 0.245903909 0.287394881
361 1.73429811 0.187111735 5.71070766 0.274202406 0.502036691 0.697879195 1.34757721 0.289908051 0.175259650
362 0.452120483 1.60684741 2.62651610 0.427271366 6.46762848 0.156200707 6.22489500 0.445881784 0.189201266
328 1.33118665 0.641837060 5.99427843 0.840150058 1.54407668 0.395579785 3.82202601 0.473821282 0.644083858
368 0.695810556 0.570537329 0.941800356 0.401597530 0.722530305 0.328997850 3.43890381 0.222270161 0.322595984
364 0.888221800 0.227426112 3.78529572 0.218853384 2.61904764 7.27929100E-02 1.13089776 0.114178494 0.117459804
370 0.768178225 0.111522354 0.973226249 0.182158038 0.612899363 0.384597540 4.83236742 0.154969782 0.119997539
338 0.854505360 0.392259240 0.488351136 0.208727390 0.511149704 1.02364970E-02 3.85668397 8.54481757E-02 0.150769830
358 1.99648738 0.185051128 1.13436699 0.444424719 1.97857249 7.63092339E-02 2.47442889 0.150193125 0.555910289
391 3.14505959 1.01370253E-02 3.09445834 0.262542784 3.62576509 0.135843545 0.901816487 0.231570959 0.139453679
372 0.804494083 0.483436465 4.32008314 0.329847187 0.741199970 0.719728947 6.15487480 0.363327473 8.82385150E-02
375 3.67258143 0.148015797 5.79028225 0.529359937 2.30755782 8.66078809E-02 5.17042446 0.146075279 0.663358450
347 0.927790165 0.342686266 1.70585644 0.194565982 0.793150067 0.509253740 1.17828870 0.209363505 0.337370187
383 0.284127533 1.12235427 1.75843048 0.227803066 0.701407611 0.396322668 0.435329527 0.223784953 0.375962526
371 0.496211916 1.10092568 5.60792923 0.424093366 0.445461720 0.797457755 3.27311778 0.263504177 0.235689163
387 1.73980176 0.119145527 3.89885783 0.336372614 0.167591080 1.95763421 0.774698973 8.11315626E-02 0.341867656
399 0.765748978 0.853734553 5.83112144 0.525999308 5.37483835 0.107169770 1.31969857 0.728960574 0.478459805
380 1.15581703 0.424129874 3.47673798 0.374725550 0.231019989 1.69441783 4.75783682 0.179222599 0.515347123
401 0.213238001 0.762295604 4.88388681 0.104865760 0.341553330 1.13356137 3.21247101 0.235875160 0.202941075
374 0.664476752 0.771531403 5.56809330 0.255770355 0.460036308 0.470110387 0.289575398 0.213954791 0.338694334
379 1.00724781 0.231588781 6.16278505 0.295872658 0.653517246 0.618683636 2.81839013 0.347082704 0.175801590
388 1.12981403 4.54966985E-02 0.265907973 6.78552836E-02 0.876984477 0.831114233 1.68487239 0.658197701 0.704259872
376 0.160255075 1.41525340 2.30800629 6.72423244E-02 2.37867236 0.361260980 1.97216809 0.258025110 0.234677941
390 1.00875044 0.253976047 0.395894438 0.410934210 0.678936958 0.244344115 3.28014565 0.200403094 0.473385334
407 0.231952950 1.14809263 0.999209940 0.164363071 0.462609112 3.38448249E-02 0.809090436 4.46308479E-02 0.161071762
411 0.291264027 1.30156279 2.81868696 0.248850003 0.520247400 0.389697492 2.70448971 0.214157715 0.459355950
386 1.64430749 0.113131434 0.156348914 0.213160351 0.854769349 0.651830852 5.60011005 0.421360493 0.398495525
384 2.01760459 6.95876926E-02 3.74921584 0.221118644 1.55111110 0.176201597 3.16781521 0.143936172 0.293899894
395 0.203252569 1.82040942 1.19910944 0.145267114 3.01746774 3.93902324E-02 3.14833164 0.288626671 0.184490204
403 0.249703854 0.263673693 0.297136545 2.22772472E-02 0.199896693 2.44974232 4.55732441 8.50615129E-02 8.21440369E-02
365 1.44614542 0.161344752 3.73655176 0.237246409 1.69925630 0.140614033 0.702182710 0.252980113 0.144814700
406 0.311137021 2.60786128 1.81714654 0.194689706 0.759042799 5.17958365E-02 0.370891243 0.209580049 0.103827387
381 0.973303378 0.148801044 1.70071018 8.42037424E-02 2.03327489 0.108731516 3.92217207 0.336071610 0.291043490
392 0.342066199 0.419646770 3.39743614 9.19185802E-02 2.13296771 0.437644869 4.24750137 0.412497401 0.428137749
404 0.293179125 0.503737271 0.158147320 0.100133508 0.396284133 1.44563580 5.19536066 0.370755821 0.449898034
398 0.202229947 0.867026329 3.67547609E-02 0.131101072 0.721651673 0.726398945 2.13131166 0.384314775 0.367837131
402 0.824720025 0.775700927 1.46058536 0.365456671 0.762465775 0.649185359 2.11238909 0.399373800 0.689229965
400 1.27219176 0.357416779 0.252215534 0.235643640 0.618106186 0.761576474 2.07901692 0.449953675 0.450705558
416 0.527702212 0.909605682 5.38611889 0.322725475 0.711434543 0.188901767 4.97810507 4.99170572E-02 0.289628178
418 0.352140993 0.895518422 5.46667814 0.239054278 0.505441546 0.363772064 3.72766924 0.304948479 0.392969608
421 0.425965697 0.902749360 5.59484959 0.263398558 0.392169178 0.503560066 2.36139226 0.234563485 4.24674898E-02
409 1.08237565 0.321040273 6.10779428 0.286070108 0.707840383 0.737551451 1.58708298 0.385841995 0.152643934
419 2.70077062 0.321577400 4.54670000 0.479024053 0.510597169 0.870818734 2.17430401 0.399365038 0.174239114
414 0.320252866 1.58640897 3.77204657 0.284488857 1.61942792 0.402763546 1.70625281 0.292750984 0.356646597
429 0.292590171 0.924831390 4.99670887 0.179130733 2.88297868 0.173833162 5.24919271 0.154417351 0.266490638
408 1.36225569 0.372004300 2.63798451 0.389669389 0.364696801 0.206135780 4.00910997 7.35898241E-02 0.387231052
422 0.463749498 0.750624657 1.46284819 0.285981536 0.740121007 0.282160074 2.76778483 1.20002013E-02 0.274263918
405 2.23748183 0.301338702 3.81934929 0.717799664 2.14009094 0.352671295 5.55591202 0.491254121 0.594344020
430 2.55246305 9.39693972E-02 2.00451851 0.443712533 0.765938103 0.780564904 2.43566799 0.414299726 0.396870255
438 0.163673550 1.60472333 0.760568798 8.36304799E-02 0.260697961 0.993884563 0.482307583 0.143704802 0.226605266
412 1.46182501 8.81270915E-02 0.486696094 0.298320651 0.762217522 0.485611111 1.85212016 0.377533972 0.572029352
396 2.07858133 0.362791955 0.136977881 0.258888543 1.45693767 0.408340633 0.313513726 0.257428885 0.505676448
413 2.73479271 0.374428928 2.70875144 0.357510597 0.195904925 1.25037134 5.83873272 0.137336224 0.270179749
446 0.694457591 0.333525240 3.84115982 0.156338856 0.382777900 0.763049603 2.64943838 0.196419969 0.202401862
428 2.79372644 0.135400057 4.01911211 0.290077686 1.18747902 0.418246746 3.21703506 0.354348898 0.419988871
427 0.456941187 0.446223468 3.94695020 0.190674260 3.09989643 0.132032603 0.114801332 0.322790474 0.152421981
442 1.33929098 0.246609420 5.73844051 0.100830376 0.995203018 0.386179477 1.48225082E-02 0.276651204 0.370376050
434 1.97779572 0.154056191 0.315378636 0.286640227 0.569528520 0.316712409 3.44329786 0.286282510 0.512453914
432 2.47619295 0.184935108 5.98467016 0.412352294 2.42699361 0.330558687 0.967945814 0.627047837 0.711262047
445 0.997223079 0.280196339 1.65475869 0.162486181 2.29387212 0.114995256 2.04772210 0.127243876 0.196543977
437 0.770429254 0.111222565 3.33059287 0.225704670 1.28181112 0.411348939 5.68739796 0.249595076 6.30469248E-02
458 0.247849032 1.35128057 6.05458641 0.188665569 0.462984800 0.825760543 5.49844074 0.314286828 0.470983654
443 0.731731594 0.610610068 2.95500660 0.345885873 1.89316988 0.233687848 0.707038522 0.553385556 0.298791409
455 3.81848097 9.96470079E-02 4.54966545 0.231107190 1.02493989 0.404123604 3.76996517 0.334910125 0.410679072
423 2.56464911 0.224298775 0.319307595 0.320260406 0.324623019 1.69840813 5.06318760 0.293083489 7.16127306E-02
444 1.07006264 0.531992555 3.88519478 0.316558033 0.349491417 1.23857713 6.16005850 0.310456514 0.127073258
440 3.15625548 8.22822973E-02 3.36176825 0.149404481 0.801151335 0.113772191 4.48717976 0.114343591 0.254103363
460 0.254965991 1.34100878 4.84999752 0.200957730 0.542719603 0.512435675 3.99165630 0.222003415 0.368496805
452 0.295904696 1.49868143 3.35021687 0.260862410 1.41569960 0.547603786 5.25428104 0.261235476 0.268222898
464 0.453170925 0.530426741 4.95169640 0.308676153 0.230709538 1.93245959 2.28081131 0.182700828 0.158270404
463 0.311259478 1.05012810 2.81643534 0.261765391 0.200339735 2.11491442 0.789423525 0.135255694 0.221884131
448 1.12621593 0.249611571 2.21096492 9.16096848E-03 0.449995488 1.02984047 4.24325323 0.391037732 0.390088588
465 2.52596784 4.46100011E-02 0.463647485 0.129122466 2.68733287 0.187238887 5.62138700 0.407574773 0.394886434
468 1.38047922 0.186460152 2.95112991 0.236828491 0.571735740 0.483829468 4.36954737 0.172402442 6.89514652E-02
441 1.02267730 0.327994823 2.66300845 0.242488667 2.36034107 0.153518051 4.07194042 0.356258661 0.328665167
461 1.67389858 0.555674613 1.82525682 0.638299406 0.768881917 8.62121433E-02 5.67686319 0.187625214 0.482842267
470 2.83077598 0.198166296 2.69779110 0.555056155 0.551138937 0.780641139 0.596577227 0.347102821 0.270794988
478 1.08598053 0.361412406 4.22572136 0.672559619 0.322319448 0.987169266 1.29079700 0.191466510 0.513058960
480 0.749364197 0.793450058 1.86126757 0.495104223 0.267727494 1.39080858 5.75901747 0.222907156 0.332904309
453 1.16344595 0.173514783 1.38825166 9.17442665E-02 0.374160558 0.364073813 3.15777230 0.121226855 4.92075123E-02
462 0.631676197 0.558664620 4.04855251 0.244831845 0.209860101 1.77838278 5.21891689 0.151120424 0.367450178
450 0.967179239 0.659090519 2.60424566 0.348862350 0.969159901 0.353968948 1.75013864 0.398466140 0.585506618
479 0.368055284 1.34182549 1.11901438 0.323156089 0.667231321 0.479794383 3.54417348 0.291403383 5.14893681E-02
477 0.850391030 0.541613758 0.809273243 0.382996798 0.632090747 0.173814893 3.60859561 0.143000245 0.240999073
475 1.22388959 0.223733723 4.95305204 0.263731092 0.677456439 0.326507509 5.74163628 0.267753541 0.520896792
471 2.09798288 0.268015116 3.76492453 0.724243701 0.269523442 0.702356994 3.01707101 9.23741236E-02 0.731326640
472 0.242365211 2.08294034 2.68726635 0.163222134 0.761969030 0.686054051 1.05246043 0.340389252 0.411559612
487 0.166127175 0.519834161 5.77955866 4.04996090E-02 3.99192476 0.131385401 3.81364393 0.465999424 0.426090240
482 0.641148150 0.646737993 4.03615665 0.359564900 2.00222182 0.192391038 4.73595715 0.299255848 0.611960769
476 1.56574202 0.573380351 4.24958706 0.562819302 0.299322158 1.17003453 2.06618214 0.242947564 0.320818990
485 3.18173695 0.196666881 4.32802582 0.162312210 0.918092787 0.201843545 2.07132769 0.276178628 0.119476348
489 1.69188559 0.689918458 4.30185652 0.775113702 0.619521737 0.154561117 5.24394894 0.112512283 0.711355209
474 2.06402183 0.228437439 4.69930744 0.400277466 0.408878475 1.10939646 1.02648973 0.356665850 0.344623506
495 0.826877534 0.632812738 5.58459520 0.303531617 0.285073191 0.215880781 1.37229586 9.24957767E-02 0.214908794
488 2.36992979 0.227044329 4.69980717 0.543527007 0.196172580 1.83951592 8.73892233E-02 0.135456413 0.498786896
504 0.253388017 0.118554361 1.24525309 6.50318041E-02 1.24029076 0.265595227 1.85402167 0.554753900 0.617898762
486 2.80684805 0.194530845 5.99330139 0.568935454 0.910102904 0.775961578 1.00815833 0.575353622 0.758227706
503 1.17185903 0.625102937 6.09541035 0.641004205 0.557232499 0.247738332 1.99792433 0.146396458 0.554020882
497 0.223800600 0.442473203 1.11013377 0.108121097 0.629201770 0.377180338 0.689808607 0.337850899 0.442975014
447 0.641911268 0.280307978 0.851532102 0.187393948 1.29890847 0.464603662 5.68636274 0.434661776 0.429788738
501 0.422701001 0.719871104 4.25146103 0.243327633 0.198433518 0.835687339 5.77293015 0.131186172 0.321116179
483 2.19824028 0.302950561 2.00847578 0.297021925 0.175367892 0.689860344 4.75976086 8.22256282E-02 0.253224552
496 0.214380831 1.08276272 4.00134754 0.127067953 2.02329111 0.464727491 4.35130215 0.479185283 0.605612457
491 0.301612139 1.39789391 5.79644346 0.265428305 5.38335180 0.221809074 1.18591380 0.852324843 0.934933007
500 1.29074740 0.458938509 2.51723266 0.149802104 0.248976767 0.819067180 3.38979149 0.109678723 0.153354526
512 0.407625675 0.393610090 2.80003428 0.162217766 0.504623711 0.849316835 3.46612191 0.388528109 0.535343707
505 2.53450179 0.297621280 3.55864000 0.395037323 1.91340339 0.226184800 2.30395889 0.595916212 0.802685678
517 0.256363928 1.41578722 1.02052891 0.213848308 2.31349635 0.268566459 6.01461411 0.279580146 0.490329683
492 1.28005981 0.452260911 0.806509316 0.402687430 3.02236390 0.129651502 1.64721453 0.352371305 0.435988963
510 0.676103294 0.453056395 4.51776981 0.134624690 0.306700647 1.12644339 2.56562543 0.269646347 0.348188221
513 0.713249087 0.668506742 5.92028379 0.466535747 0.546202302 0.597763896 2.43168902 0.354075372 0.414178520
523 1.38645244 0.687678158 4.24230528 0.599684298 1.09266698 0.177966461 6.15197659 0.333578825 0.266937613
502 2.22607875 0.105271228 0.522493422 0.151428610 3.26922894 0.200370386 0.294506788 0.510362089 0.649285555
514 2.91480947 0.205510497 4.35939026 0.311844707 0.422725946 0.318118155 2.28872180 0.136535898 0.186014012
499 4.42173576 0.167472064 5.39741135 0.325111717 1.19790149 0.335524946 4.13203239 0.315934181 0.242415786
515 0.227739617 1.36371803 2.76540923 0.166332528 0.279259264 1.16761851 4.89955902 0.239654809 0.213956088
519 2.42159534 0.189482078 5.65119171 0.392312020 0.342156112 0.837471426 4.58450651 0.189436644 0.315715283
490 0.740857184 0.580258846 5.33648491 0.354173750 0.879714787 0.417121947 0.397130191 0.206375957 0.353779554
509 2.97482610 0.130714893 5.96600676 0.272170275 1.93384743 0.177497834 4.36482191 0.261059284 0.105242454
494 0.532079577 0.841587663 3.25545120 0.399209142 0.919987679 0.568926096 5.38626862 0.352705657 0.259602189
529 0.282393724 1.45074880 2.58238459 0.244022697 0.283914655 0.663408697 5.09045601 0.154517964 0.157195434
535 0.960731924 0.530899465 4.63980818 0.290083349 0.181383297 1.69542253 2.77966547 0.112430453 0.303565770
539 0.235028356 1.01171303 5.33742428 0.169152111 0.464737892 1.12683451 2.31308126 0.379906595 0.212258562
518 2.28882289 8.35210830E-02 4.62149143 0.522484660 0.327474028 0.560588837 6.03035307 0.128665924 0.504680216
520 0.323951364 0.566976964 2.57408190 0.131707162 0.477344722 0.706904233 1.42422462 0.245465711 0.293147773
522 1.17979896 0.453688353 0.545262575 0.391609937 1.58782840 0.369204909 5.40050936 0.463511109 0.467772424
528 0.373810261 0.560046673 1.51213610 0.201858461 1.24163294 0.121955790 0.719394088 0.172251210 0.373965412
538 1.91128194 0.408809304 1.19514227 0.471245050 0.210998058 1.32177186 1.59883857 0.147468269 0.618052781
521 2.57385707 4.01369184E-02 2.43443871 0.367604107 0.745774269 0.395656496 0.262245148 0.354646832 0.662393093
525 0.709342957 0.639852524 5.85346842 0.362609863 1.96081805 0.187404037 5.50807190 0.159741119 0.521711528
524 1.11095393 0.618464470 3.38934159 0.530721784 0.571527064 0.745805562 5.60138416 0.407559127 0.407216161
544 0.279061079 0.585505724 0.240438178 0.188923180 1.53658521 0.415391475 4.12757492 0.317540139 0.358058006
555 1.58745337 0.494999766 5.36741877 0.380005807 0.668424129 0.829916537 0.278926194 0.445649147 0.607355118
547 1.90808606 0.145742819 4.06353235 0.179286346 0.801652133 0.313636065 4.00429678 0.201142684 0.377107412
533 0.395034343 0.500094354 3.30655575 0.214164183 0.810450673 0.774019480 1.48089898 0.551036716 0.567422986
549 1.55586326 0.151248038 0.751471817 0.308488667 0.954593778 0.149514586 1.94562626 0.339562237 0.647571385
562 0.451670557 1.17630148 4.38027191 0.378248751 0.638273358 0.479805619 0.898282588 0.332668096 8.25801864E-02
545 0.826112092 0.666663051 3.66852307 0.487510800 3.45832515 0.207898334 3.04297544E-02 0.732155561 0.254135251
553 0.343120158 0.869672894 4.18858194 0.257621199 0.788378835 0.412636787 3.70543766 0.383915931 0.626420915
506 4.39138603 0.125768587 3.71266794 0.146874487 0.792011082 0.471078694 1.14204025 0.443981051 0.564463258
530 1.65652215 0.138613358 2.09625101 0.305130452 0.787838340 0.595292747 4.81514692 0.423957109 0.291190088
565 4.08739805 6.75432086E-02 3.55119896 0.217806280 0.335267127 1.35591626 3.17047215 0.292150676 0.324304044
566 0.801770508 0.271066874 6.09571552 0.260993183 1.14011919 0.733303964 0.823779762 0.571311891 0.622839034
552 0.343244731 0.780605733 1.77476835 0.270014137 1.37994373 0.622686625 5.64250660 0.525487840 0.420991033
548 1.10333467 0.391167283 5.06369877 0.337781936 0.692754030 0.659153879 4.17031860 0.230360940 0.375656515
556 1.85644841 0.341006368 3.61470294 0.606951475 0.427788258 0.904935777 6.06414080 0.308820099 0.345112950
571 0.702679932 0.704789639 4.89448738 0.452659518 1.37860084 0.124510244 3.99013448 0.117817521 0.567608654
568 2.01169348 0.409399837 4.51226807 0.608102322 0.653581738 0.423109204 0.350824028 0.258259237 0.356778264
551 0.957401574 0.316595256 4.82555485 0.437705815 0.602142155 0.187291712 3.36722302 0.183118656 0.577633023
561 0.293816447 0.519025922 3.73673153 0.130317584 0.979712725 0.894706786 3.22776365 0.603166282 0.695381582
573 0.393941939 0.717761517 0.768470466 0.178547934 0.183405146 1.54305840 1.15905988 0.114203393 0.280228734
557 1.37382960 0.616396010 2.59748316 0.653103769 2.07549453 0.258298427 2.56245160 0.289988101 0.942422807
559 0.517650187 0.714995742 6.06982660 0.395586103 1.12864053 0.577910304 3.96224833 0.551596045 0.609241068
575 0.239370555 0.509181499 4.42467022 0.137277126 1.22557223 0.484082222 0.709832191 0.373537719 0.338881612
550 1.10492694 0.338715196 1.80918217 0.240050957 2.54000235 0.148372650 2.77495503 0.291642517 0.308978260
576 0.271437705 0.612387538 4.12106991 7.33360201E-02 0.379905909 0.641949952 3.25099683 0.185340106 0.226105064
536 4.93303156 5.82264215E-02 1.68464768 0.159714997 0.980314016 0.400610924 2.58503819 0.364060670 0.473406225
590 1.10418904 7.06536546E-02 3.19852614 9.86195132E-02 8.12854290 7.71002844E-02 4.48093224 0.496155262 0.540031135
592 4.34814167 0.138141930 2.60097265 0.741485596 2.88326478 5.51892668E-02 3.00138712 0.246078253 0.983093381
554 0.646833718 0.354152381 3.45150399 0.260539293 1.51466966 0.275376290 5.34598970 0.139339074 0.147192299
572 1.09950948 0.196158037 2.83576107 0.208947301 0.501966000 0.403764665 5.57999802 0.186520487 3.02261468E-02
574 1.53225565 0.160395101 5.58261490 0.389943868 2.03317356 0.252024382 2.41690421 0.336556494 0.186753377
595 2.08415079 9.74803716E-02 5.48660612 0.357965767 2.70384526 0.237567395 1.46928000 0.537420452 0.523402870
588 1.34853888 0.415817827 2.17881560 0.395763159 1.58616781 0.319812089 0.761908293 0.523711860 0.610958278
596 0.611785531 0.895627618 4.30060625 0.372841418 0.579530895 0.737541676 6.09973764 0.446676105 0.501291215
601 0.386188805 1.00380838 3.98219204 0.317354441 0.258016825 1.20954871 1.32701242 0.186439902 0.135406166
594 1.13028550 0.187388361 1.11913443 0.218697131 2.87122774 0.192976832 0.334572375 0.370972931 0.542821169
583 0.791203737 0.328308493 1.95403886 0.291699618 1.02077305 2.76438091E-02 2.77570319 7.75476098E-02 0.367317021
584 1.03037202 0.302902013 3.35669923 0.414433002 0.891068339 0.222372189 2.84998798 0.320472389 0.721978605
602 0.584401548 0.314247519 0.489655524 0.174611673 0.00000000 0.00000000 0.00000000 0.00000000 2.71616697
605 0.428211480 0.611791670 3.85241127 0.198766664 2.10120034 0.144862294 5.24583817 0.467602164 0.465287209
591 0.161294296 0.953442514 0.837981224 5.62833175E-02 1.06686461 0.543839991 4.34318161 0.690807045 0.636155069
587 0.746515930 0.408193678 3.35340548 0.316871762 0.369710058 1.05854940 0.195949972 0.291914463 3.48351970E-02
567 0.504554451 1.04346228 2.83138967 0.459855974 2.22064090 0.463823795 5.57116747 0.509494781 0.102685444
582 1.54113972 0.144550219 1.02269721 9.26242620E-02 2.53417754 0.230343670 0.618156850 0.405824870 0.488476515
585 2.46230531 0.284393013 1.32908785 0.422344923 0.478857666 0.529234946 1.88420582 0.209817171 0.622291803
607 1.11361754 0.375639558 5.56570101 0.410234004 0.465277553 0.948282838 4.36134338 0.270949930 0.396418214
598 1.64205694 0.174033955 6.25600243 0.417369664 0.572895586 1.18049622 4.54423237 0.505173206 0.581169963
586 0.856112182 0.106199145 1.47235012 0.192124248 2.20562148 0.396650821 2.52521181 0.280043662 9.79390442E-02
613 1.23027265 0.182639048 4.89034843 0.235135943 0.375169486 1.14922094 3.59890652 0.301441163 0.330620855
578 1.30898511 0.308445036 3.94327688 0.231070295 0.721479535 0.342657894 3.40706992 0.222585231 0.443549156
618 0.886841357 0.254409343 5.97908211 0.173609912 0.238889858 1.89086461 1.58927250 0.189496830 8.53155330E-02
620 0.390324831 1.01605630 4.79089308 0.270816565 1.59351861 0.181570366 3.68129396 0.252123863 0.225186616
622 2.67353225 8.29791799E-02 3.36070251 0.229554519 0.795345008 0.414489567 1.93186831 0.250940233 5.83327524E-02
621 0.215744957 1.34582722 3.92522669 0.164056972 0.844383061 0.733159244 1.82991922 0.571301997 0.569309711
623 0.248944968 0.987136960 5.18955612 0.166088566 0.320554733 0.912682056 5.81464052 0.190320268 0.338568240
600 2.54625392 0.176337212 2.33463097 0.477338821 1.39299703 0.478221714 0.470939577 0.592490315 0.562737286
616 0.737920344 0.203152001 4.39518070 9.47768837E-02 0.892521679 0.649401426 3.49840903 0.442393869 0.450573534
593 0.672973812 0.453833044 0.993171930 0.249173164 1.53252017 0.411911458 4.42992973 0.750622034 0.568860412
626 3.68793154 0.193234310 2.93740773 0.400366813 0.449066460 0.407946885 3.96499968 0.178146094 0.555010617
628 0.223658741 0.693482280 1.31930447 0.108709604 3.76694036 0.194465771 5.90750313 0.373393118 0.314214975
615 1.10786259 0.463866293 1.32300615 0.409204602 0.914589882 0.488872766 5.72785711 0.355392188 0.201657206
630 0.474299878 1.35265732 1.76544440 0.448977113 1.09410298 0.359743088 3.18217826 0.224523649 0.608729362
577 2.88621140 0.199598372 0.441034406 0.684830785 1.92231190 0.321341395 2.55555964 0.455729663 0.410720885
604 3.98420429 9.99162644E-02 6.00125408 0.200844511 2.09785581 0.284100354 4.60446072 0.555214643 0.546644747
629 3.14083457 0.318422139 5.58109522 0.376765847 0.686485171 0.574892998 2.51571321 0.475650460 0.235738218
635 1.45134139 0.113620885 5.70652819 0.147136405 2.44104552 0.251966298 4.75964308 0.318271756 0.263682723
611 0.912899375 0.828422725 4.44413137 0.619819224 2.76560807 0.210699633 5.92891216 0.364365131 0.536607563
631 1.33380961 0.378088504 6.22372198 0.128398478 0.259286404 2.93791485 4.02634048 6.75334632E-02 0.129523441
636 0.959441364 0.231559694 1.73820901 0.134893164 0.356206983 0.997715712 0.570879340 0.234170303 0.132783771
619 1.54558575 0.249260753 1.42517483 0.319464713 4.49669647 8.55310708E-02 3.47429705 0.400885731 8.44825357E-02
640 1.20544767 0.143112242 3.75639606 0.200140521 1.32816732 0.109521791 1.80283892 5.65247498E-02 0.145261824
633 1.53464472 0.406905949 1.41475320 0.486767441 1.15430534 0.110087462 5.42808008 0.213446781 0.345798969
639 5.78264713 0.128769353 2.74872899 0.272606164 0.628982246 0.721935630 4.69092083 0.408843845 0.146067113
637 0.835801065 0.498188078 2.87930536 0.376197249 1.23717952 0.128159866 5.58746862 0.174751833 0.201634735
656 1.40921676 0.490280211 8.70402306E-02 0.582035422 0.469386220 1.32027936 3.90858579 0.429966718 0.173792467
648 0.297621310 1.49082255 5.53530645 0.261166573 0.546166718 0.994356751 1.11391699 0.435449094 0.430721313
650 0.471050918 0.419988364 9.60888490E-02 0.254644364 0.869099379 0.225507379 1.56089056 0.199223980 0.424252898
644 3.78893900 0.120744020 5.17907619 0.353688240 0.571439266 0.654270232 4.21704149 0.304206342 0.454904169
638 0.746541977 0.254806429 3.06415725 0.291552812 0.864947021 0.473745883 5.75875187 0.498560309 0.591078997
660 0.521983206 0.410953581 0.323638856 0.251455426 0.985432982 0.805041671 4.48313808 0.556260228 0.386773318
597 2.05184388 0.217866331 0.757108390 0.438841522 1.16832805 0.351595879 2.84121633 0.357942462 0.296580911
625 2.40514684 0.291935682 0.512397349 0.556109250 1.10817015 0.109181531 3.33309412 0.179255426 0.378257602
657 1.73164654 0.208588526 1.20364261 0.228367940 2.11142159 0.127881616 0.994561613 0.114614077 0.334733099
654 1.35334718 0.429441988 2.49784160 0.263370603 0.350220740 1.64433515 2.61536074 0.317310959 0.580680668
659 0.885283053 0.167341501 3.51266146 0.210447937 0.250230104 0.756088614 0.323525816 0.166378349 0.282946348
662 1.61208987 0.314021647 5.45758009 0.263698548 0.200304583 1.00187838 6.10377502 9.25840735E-02 0.249687001
653 3.52147818 0.128056303 2.72483683 0.381865919 4.09400797 5.90361021E-02 0.778368354 0.315977961 0.368897706
661 1.45282137 0.443820894 1.14655459 0.188908696 0.533277333 0.906767845 1.09821153 0.267205119 0.420755386
651 1.78747523 0.146227136 3.93080330 0.409907669 0.373527706 0.437087446 5.23889256 8.23267177E-02 0.366173178
670 1.30080557 0.141886294 5.32526493 0.195465937 1.70982099 0.262362838 5.16126299 0.411179215 0.593741179
665 3.40363002 1.65730044E-02 4.07811356 0.194933712 2.68606853 5.13808690E-02 5.26998806 0.281532139 0.476470441
655 1.25123250 0.360949576 2.10028028 0.326390177 0.792654693 0.147480115 0.518280685 0.117434941 0.252627879
664 1.51573706 0.478475749 1.00762093 0.577641070 0.748637378 0.571832538 5.61727238 0.388496548 0.586090446
675 0.322621524 1.21983874 0.730746865 0.272203058 0.270543426 0.308800817 3.60841465 8.80353153E-02 0.211897314
663 0.894504070 0.352569491 0.260560125 0.253277391 1.82610917 0.134595811 0.503560424 0.154708892 0.392108381
643 0.596956730 0.536383212 4.03327751 0.137762278 0.590912163 0.156225607 4.60247326 0.103768378 5.92653565E-02
673 1.95641780 0.137181580 3.26896858 0.285561055 0.155468389 1.62630892 1.00429142 6.79353103E-02 0.285677493
674 0.343457460 0.572391212 1.08609915 0.135406628 0.614020765 1.03474307 0.744396985 0.442900509 0.559308171
652 1.49264538 0.218101427 0.736120641 0.243130729 0.302188367 1.01989388 2.89926910 0.230311528 0.187882990
684 0.742418528 0.568214834 4.35573578 0.288668275 2.14248824 2.02242676E-02 4.55446434 0.374664783 0.255976766
669 2.17646313 0.235957310 3.83005166 0.402586639 1.60564363 0.447441459 4.61818361 0.666394413 0.992630959
666 0.892504573 0.658513069 2.74996734 0.287565112 0.389748752 0.818349957 3.87079811 0.249432802 0.418043047
685 4.86225748 5.82868233E-02 2.13793182 0.387418479 0.226778850 1.26682329 3.26740217 0.164311573 0.236118197
677 3.91107249 8.58104080E-02 3.02730918 0.446737587 0.356559306 0.380017549 0.835965872 0.105831228 0.353002697
691 0.342346728 0.628874838 3.25987720 0.189589977 0.702112436 0.182284281 1.43570185 4.91866097E-02 0.166804686
682 1.61828637 0.516553164 3.98189783 0.363851130 0.396047354 0.336112976 2.59920907 0.122033104 0.255642176
672 1.49482954 0.149494171 3.42695618 0.362887591 1.05337262 0.397944629 3.71588492 0.370967001 0.675945282
689 0.153566465 0.477124691 3.51389194 1.09213712E-02 2.24398589 0.212424308 4.21691227 0.393135846 0.382996172
667 3.00072098 0.129434183 1.81621385 0.378682166 0.468795985 0.672477543 5.58082247 0.276123136 0.176690355
679 0.791742504 0.366447210 6.19281626 0.354106307 0.718813956 0.878300130 1.12684453 0.567848861 0.792128265
694 0.228362367 1.03998673 3.56046820 0.140999615 0.157719821 2.00797415 5.51372623 6.29100725E-02 0.137772456
634 0.562475264 0.575885236 1.11317730 0.308294505 1.93384337 0.431630492 5.01646376 0.676086187 0.428534597
681 1.95637763 0.230909750 0.605516374 0.557577014 1.25672233 9.76345837E-02 5.92220306 0.121240832 0.678740442
698 0.618810713 0.809942484 3.78087950 0.466903448 2.66384554 6.36504814E-02 5.05096006 0.309904367 0.741455376
649 1.07324708 0.478942364 5.85146093 0.700861633 1.39775908 0.731366992 3.28831530 0.591302454 0.131041437
688 2.28832722 0.314267963 5.21126080 0.582358837 0.825568199 0.222647950 1.33027232 0.198811427 0.392021418
690 1.80047441 0.311807692 1.40570736 0.662795186 2.26738238 0.149617791 3.23064232 0.489797443 0.927745700
707 0.595384955 0.635207772 2.37390256 0.411159873 0.212722182 0.725554526 6.04048347 8.30621794E-02 0.335597426
678 0.672955692 0.706139982 3.76271272 0.349043965 2.34178400 0.352483511 4.67024565 4.35693562E-02 0.370065659
695 2.13989258 0.247629896 5.89026070 0.496829957 2.34650159 0.238216668 2.19312811 0.541649818 8.87114480E-02
705 0.740574837 0.938901901 1.58613253 0.460162669 0.419265687 0.869781733 5.03434849 0.366254508 0.243356779
702 1.57823443 0.157064632 5.33051109 4.20687683E-02 2.65701056 7.49157891E-02 4.03544569 0.342557043 0.304443270
712 0.180067793 1.41725957 4.90298176 0.113470763 0.487600654 0.524479687 3.04656005 0.276884913 0.287296444
715 0.420323461 0.308972776 4.34235620 0.243188024 0.953714192 1.06464100 0.115020186 0.644176185 0.543301404
700 2.61019802 0.122599363 3.81383467 6.20828047E-02 0.938882649 0.232823744 0.133908689 0.297114134 0.254480273
717 2.66216636 0.130210444 5.63319445 0.361570865 1.80976558 0.289868325 3.02440524 0.484169960 0.134531900
713 1.57045734 0.213884100 4.38139915 0.224627420 2.22300768 0.188071504 2.85941863 0.436928511 0.428377122
722 0.183063865 1.75416350 4.10890722 0.118387483 3.26390719 0.146480545 3.48912477 0.463065714 0.453803241
724 1.70413387 9.21671614E-02 6.03432751 0.296155751 0.268377483 1.07128847 0.414288521 0.180015519 0.257662177
706 0.692849636 0.634649515 2.46766686 0.511181712 0.793522298 0.534498096 5.83369875 0.271267474 0.321615398
708 1.29977131 0.646210790 3.75964570 0.634342015 2.30334878 0.160682216 2.14922309 0.363845229 0.288621724
718 0.739243805 0.706891775 5.53949165 0.277904212 0.161800921 0.671126962 5.54642725 2.87397653E-02 0.306630611
727 2.14148140 0.171990812 4.38501787 0.286132812 0.172638401 0.365402400 2.11830115 5.61947078E-02 0.330253601
709 5.82772827 0.186248481 2.06898165 0.732854068 0.950302780 0.205078349 5.50849915 0.246104047 0.503838122
728 0.439290464 0.646388829 1.98165476 0.325744927 0.201889515 1.26655328 4.38314009 0.140140116 0.286739767
721 0.355237395 0.719038308 5.14547825 0.118488811 0.568737328 0.722485960 4.80247736 0.239444241 0.346514434
720 3.31531096 0.136413634 1.49925160 0.320874721 0.881263375 0.879569411 2.71237254 0.588044167 0.268176228
710 1.40830779 0.504184365 2.62394905 0.693492353 0.283772469 0.415041566 4.43794918 4.99046296E-02 0.645315886
686 0.688596845 0.539585590 5.68917799 0.290977061 0.764109015 0.517994583 1.93557680 0.418042392 0.210370749
731 0.895419240 0.362486154 5.54266739 0.326375186 1.53524876 0.197066382 5.84135103 0.298540771 0.624233902
732 0.967828929 0.304690480 0.385741532 0.391779155 2.64294004 0.267480731 2.35629582 0.570058703 0.685089767
746 0.337781996 0.661591768 7.83949196E-02 0.183766648 0.395258516 0.516815841 4.01961231 0.219153032 0.206814855
693 1.42197537 0.225443661 0.380564958 0.128278643 1.70798016 0.348048598 1.12086022 0.331666648 0.325485498
742 1.01806808 0.312545359 3.59168243 0.143781006 0.397363365 0.827025592 0.348895907 0.315771788 0.205310509
745 0.729045868 0.491669923 6.06628180 0.368145108 2.25584126 0.352344662 4.41241360 0.570424914 0.640685260
758 0.839869320 0.221267089 3.03354836 0.175501451 1.13129103 8.38946328E-02 3.99845862 0.248375148 0.384077519
733 1.12947726 0.595646083 1.89833009 0.656851649 1.23276305 0.317547113 4.23681355 0.322566032 0.463088870
749 1.25548673 0.238114849 5.83397388 0.123796873 0.448049158 0.532990873 0.832483709 0.195210665 0.198650077
699 2.01530290 0.100100733 1.21173429 0.462858677 1.12965024 0.387926280 2.14296985 0.399231970 0.726770520
752 0.353036910 0.748956680 2.59480381 0.200391799 0.314855516 0.901977181 1.08493018 0.248044446 0.349440426
743 1.89040709 0.422075182 3.14159274 0.332165867 0.565015495 1.15009856 0.869115114 0.530176163 0.393720329
755 0.875213206 0.423169434 4.05609179 0.303182155 0.491589874 0.374447197 2.85763597 0.156326175 0.364030778
762 0.905102491 0.638492048 5.51715803 0.607139528 0.683044136 0.481532007 3.96627569 0.216242522 0.664976954
756 0.635942519 0.201377109 0.356412828 0.121042550 0.00000000 0.00000000 0.00000000 0.00000000 3.93683577
759 2.44454432 0.158667997 3.59294629 0.283069223 1.98380959 0.118994996 9.33575928E-02 0.311083823 5.38793541E-02
744 5.26157808 8.66354406E-02 0.745146215 0.841981530 1.98071980 0.331693530 3.17719030 0.493976057 0.470767945
739 0.617636502 0.525102794 5.05385113 0.152239248 0.393220097 0.586902261 2.34959507 0.275452346 0.151984349
750 0.641075552 0.535214424 3.17889285 0.318473011 1.81955492 0.368048340 0.853047252 0.526557386 0.212437704
751 0.541893244 0.586867809 1.16934621 0.283542663 0.728964388 0.566264451 3.94928265 0.401116133 0.194961533
772 0.755860686 0.161469743 2.63449407 0.329148293 0.666264713 0.320048064 6.24316692 0.135227904 0.375374436
761 1.99228144 0.211983383 2.75255966 0.201999187 0.723525345 0.467994481 2.67976022 0.244246617 0.440183848
764 2.36891007 0.298673570 2.73421001 0.911231458 0.249386966 1.54418123 5.89081383 0.205335453 0.712325871
773 1.63562548 0.418981940 4.08182907 0.633867502 0.964050412 0.320565253 6.03683472 0.271019727 0.524501801
738 0.598922372 0.307573289 6.21337318 0.162291646 0.490120798 0.708365321 3.71062994 0.329335004 0.263668269
763 0.474094242 0.338325202 2.01481533 0.162423849 1.75441074 0.230992824 1.65105450 0.399185091 0.559567332
730 1.47820950 6.17614686E-02 5.69762516 6.08689152E-02 3.14368296 8.51667821E-02 1.98369980 0.410955310 0.409942269
768 1.78614402 0.365594178 4.16173172 0.280183256 0.583997011 0.912318945 3.46891260 0.328226745 0.391647846
747 0.760074437 0.441209197 5.77733469 0.196288601 0.742760837 0.467346728 5.70978165 0.212387681 0.408218324
771 0.730723917 0.416678578 2.46308589 0.399491221 0.450917453 0.864140868 5.05450487 0.258379549 0.149928778
777 0.396782666 0.897872806 3.46170974 0.253681421 2.24190187 0.227299184 5.58456182 0.733741641 0.558124900
775 1.58044028 0.414741695 3.92130566 0.438705951 0.266715109 2.53938317 5.94841623 0.128641725 0.404832125
776 0.852807939 0.356878877 3.85571742 0.267864764 0.450228602 0.497794896 5.18697691 0.201597825 0.362710476
784 0.826028764 0.546192288 2.97865987 0.239606202 0.958648026 0.224182993 1.79219174 0.230688602 0.180280283
765 0.873716176 0.368486941 2.37281036 0.461249024 1.32104874 0.297887623 0.410034418 4.06022817E-02 0.479420573
780 1.78915012 0.184882268 3.60169387 0.295377463 0.341865927 1.79176641 3.57762432 0.311543703 0.456362754
778 1.45169163 0.247317716 5.71313858 0.220304683 1.98620439 0.147777140 6.05707979 9.88440961E-02 0.303083837
785 3.11122441 0.173554480 1.71946514 0.402963102 2.66007924 4.60425429E-02 0.969182968 0.267909378 0.536380887
774 0.702513278 0.936712980 1.33403826 0.572011948 0.591257989 0.726964593 2.80642557 0.392527699 0.742673039
791 1.53490925 0.264731854 2.80497694 0.308644742 2.14214754 0.198074833 4.05899763 0.209947318 0.242323309
783 1.12339842 0.556325674 6.21092033 0.467946708 1.15249515 0.370952249 5.70942783 0.348864406 0.763376176
796 1.59555507 0.579547882 2.70445871 0.530741751 0.470516592 0.289820373 2.43060136 1.42095294E-02 0.544688165
787 6.29154921 3.52207460E-02 0.108114593 0.276220500 0.911688447 0.400917560 0.549735725 0.340780795 0.529350936
725 0.711031079 0.376751393 3.42733574 0.228006691 1.25801289 0.382921517 0.578977764 0.631584942 0.550759375
781 1.78037751 0.226411134 1.06167459 0.386598200 0.755288243 0.693549991 2.24464869 0.352979720 0.359530210
803 1.16926312 0.356772393 3.20996594 0.471367329 4.42660284 6.05285428E-02 2.36068583 0.437286317 0.907262802
802 0.362140089 1.08339345 0.961374462 0.304570436 4.85999060 6.54012486E-02 4.59748793 0.221108928 0.399374664
801 0.365799159 1.26187766 1.87114406 0.332840502 0.289364368 0.802751482 4.45902920 0.162061259 0.223900348
789 0.741497457 0.413046211 6.05438614 0.168365538 1.19489396 0.382175207 4.78520966 0.406253666 0.398897678
795 0.947032869 0.412029505 0.345103979 8.76393467E-02 0.605441809 0.319609761 0.933778107 0.148166209 0.204227686
797 1.88576818 0.489448011 2.03494978 0.476961553 1.44737470 0.263514251 3.50903416 0.394601792 0.153751999
792 0.863022625 0.426413417 4.31938839 0.276944250 1.70892358 8.74916017E-02 4.89686966 4.56301384E-02 0.235368788
807 0.397677958 0.986855090 5.60794163 0.276856512 0.00000000 0.00000000 0.00000000 0.00000000 4.29580545
800 3.15117311 0.143552050 5.84913349 0.866324306 1.08557653 0.823623359 3.28567433 0.686790884 0.408736616
823 0.404989034 0.914766908 6.17810011 0.321692348 2.73077083 0.196911678 1.81672955 0.430977285 0.572620451
826 0.494439095 0.162271172 5.97835398 9.82467383E-02 0.651220083 0.176551819 4.69359064 0.219885677 0.308430105
810 2.58400846 0.382888347 2.94869328 0.655717194 0.186261371 0.250281006 3.50994134 1.99177638E-02 0.666868508
816 1.30450892 0.133964479 3.73519850 0.163502052 5.33424377 0.134999856 2.84522438 0.411866307 0.505527437
815 1.43152225 0.266787946 3.24989796 0.184810743 1.85280788 5.74084558E-02 4.48594332 0.252061933 0.150108173
806 0.903866649 0.326318085 0.139130071 7.71488249E-02 0.731833518 0.878066421 0.403585434 0.385147423 0.396126121
820 1.50702584 0.166892514 2.56449413 0.282385349 0.515651643 0.477409631 5.76284266 0.226306871 0.141363963
828 1.55721509 0.743175030 6.18248320 0.712947667 0.662815750 0.193995148 1.80509579 0.308111310 0.631641209
822 0.803906620 0.421826601 2.38630319 0.397494256 0.656748354 1.26499915 1.04074585 0.567291558 0.660813808
809 0.497680396 0.916590452 0.758347392 0.403736383 1.31078517 0.450850844 4.68562031 0.526419163 0.457051069
814 0.824456751 0.409731686 3.67575979 0.237180829 0.841497302 0.468563497 4.07107544 0.236583605 0.451045036
804 0.551821530 0.522297859 0.269841403 0.183097005 0.515228510 1.12622464 2.14764929 0.462577820 0.439752638
838 0.837224126 0.916966200 0.322377741 0.480302632 0.188795716 2.46965241 5.08890629 8.71073678E-02 0.518002093
841 1.70187914 0.135060951 3.48175931 5.17831407E-02 0.802275240 0.352000982 2.86722660 0.187033862 0.171695963
829 0.702381611 0.229665741 3.70127392 0.265182465 1.12928438 0.430665195 5.82364798 0.313265622 0.299607813
833 2.85922313 0.197139740 4.68217087 0.152603313 0.541325152 0.902478337 5.32606840 0.363267839 0.437823594
843 2.68456340 0.354212880 5.51337624 0.818483472 0.310632139 1.27611113 3.89103460 0.253371745 0.732122004
836 0.266797274 1.22204888 5.33894873 0.213106439 1.34431648 0.172970191 2.55696487 0.321950108 0.236431256
821 1.84739709 5.91108091E-02 4.30918598 0.230024517 0.328121126 0.855307460 3.94876051 0.185602650 4.57266979E-02
813 0.308376491 1.14172769 0.382362783 0.262043178 0.628762841 0.274039239 6.07124996 0.243444264 0.487754434
845 1.31075811 0.122120298 2.08798933 0.202187940 3.45400548 7.01350272E-02 1.92066240 0.445753455 0.640076935
834 0.822699547 0.908451140 2.67605639 0.504181027 0.813823044 0.171526298 5.43884897 0.321738154 0.224361122
832 2.99187231 0.269925028 1.06201589 0.748510182 0.366772652 0.255129009 5.18282795 7.64311776E-02 0.684446335
824 0.859189630 0.361445278 3.68184018 0.240860909 3.82056451 0.251395196 3.15212154 0.843413115 1.03549612
848 0.557817638 0.263027787 5.56783867 0.176419854 1.38752663 7.21268579E-02 5.71776628 0.307452440 0.464161873
831 0.757988453 0.224692106 2.51230907 0.325007349 0.791815817 0.255580187 5.06527901 2.67943647E-02 0.320810080
830 1.23126769 0.611000180 4.69471931 0.840662241 1.27587879 0.381597191 3.16996837 0.388551772 1.04934037
840 1.44580686 6.18820637E-02 1.05234706 0.182779655 0.516002595 0.101733051 1.27098584 5.32721877E-02 0.233784243
858 0.568056762 0.536784232 2.62614679 0.313594222 2.27096200 0.225663006 6.22123432 0.357947111 0.185347602
859 3.27711916 4.65422980E-02 4.36053276 0.328053772 1.59979689 0.342559755 0.929611564 0.511243284 0.443797976
851 1.26210105 0.440157980 4.33831024 0.213760138 1.37829375 0.214104995 5.60404825 0.343973607 0.131560773
835 0.430445671 0.948355138 0.885811150 0.283674359 2.00760555 0.349456549 5.95350638E-02 7.10377917E-02 0.342121780
842 1.04671896 0.381998241 3.14753246 0.339550287 0.912271678 0.323737979 1.60706794 0.209946737 0.304543495
855 0.335546136 0.257255405 1.85139608 0.106601007 2.43012500 5.68100922E-02 1.24261796 0.406814188 0.506266892
853 1.60555899 0.401634008 3.65812016 0.321366966 0.591054440 1.08749151 2.70661664 0.452710330 0.596372545
837 0.647994995 0.309081942 2.41758204 8.39307755E-02 0.227755263 0.623639107 0.632084012 0.104668684 4.30941060E-02
868 0.293487340 0.743755341 2.65977907 0.153166622 0.678073525 1.07581198 4.04326439 0.453484714 0.430747241
844 3.64825416 0.153174266 2.72121453 0.283867419 0.972038388 0.743357360 4.21294403 0.604641378 0.409774750
798 2.71714020 0.163645223 0.675129533 0.592477739 0.571603119 0.562152565 4.53099108 0.253303707 0.343379438
849 2.09071946 0.261752695 2.44656968 0.283650637 2.46156716 0.365352511 2.23015141 0.372190118 0.595222652
852 0.489149183 0.467546076 4.83527613 0.213340983 0.342234075 1.17352509 3.59918690 0.227742776 0.244820461
865 0.272854805 1.04979777 1.41227698 0.213532344 1.11581123 0.444440007 3.08441639 0.285671234 0.365782470
866 0.655693114 0.329988718 2.15732932 0.271788180 1.60556293 0.231816411 5.98630667 0.315213829 0.350455344
875 0.452795416 1.40003061 5.71112585 0.430159450 0.726859331 6.34073168E-02 4.06667519 0.257378519 0.568089604
871 0.645919740 0.424060643 5.89716864 0.277213067 1.61883426 0.219241962 3.74311614 0.282307237 0.258824080
882 0.357540697 0.506158590 1.97865009 0.176776752 0.776931822 0.269523948 3.21240950 0.100875884 0.257596254
874 0.605635643 0.472733945 2.29607701 0.210507408 0.669745326 0.644855857 1.55758905 0.382374167 0.557331741
864 3.84622002 0.147412375 5.58456850 0.584850907 0.174138367 0.907726169 4.14407589E-02 7.74224773E-02 0.612175405
869 0.214823484 0.885165334 6.27606726 0.125232056 0.277549326 1.76585865 3.68951750 0.239203289 0.128676280
870 1.12407899 0.254334003 6.70423880E-02 0.399252415 0.451407313 0.720853388 4.39398623 0.202965602 0.221701190
862 1.90210700 3.21371891E-02 5.49314642 7.37207681E-02 1.74049318 5.86997531E-02 4.94235420 2.03561168E-02 8.43526199E-02
877 0.420005471 0.595722735 4.14210558 0.207400426 0.00000000 0.00000000 0.00000000 0.00000000 2.13354945
890 0.250617504 1.79904461 4.97889996 0.198510587 5.23270845 0.105251938 1.52237368 0.439635366 0.428607494
889 0.731899500 0.338911206 6.11025906 0.221457884 0.00000000 0.00000000 0.00000000 0.00000000 3.70287013
872 1.09073842 0.582629263 3.99166203 0.426334471 0.222513080 2.14067793 1.89948225 0.141846940 0.380016237
863 5.16153193 8.13047215E-02 1.94532037 0.327068269 0.538008034 0.515760064 5.28199100 0.268801391 0.195297852
881 0.352674156 1.18024886 1.38610470 0.298641175 0.652833879 0.469961017 5.07521200 0.321774185 0.217260331
867 0.787696898 0.602343559 1.20014083 0.396564037 3.46309853 8.73249993E-02 0.147660926 0.133956477 0.322558463
886 2.74853969 0.265240282 1.85505188 0.304574788 0.677697301 0.389886975 2.18233820E-02 0.276548564 0.190364569
879 0.367016524 0.995447814 4.94987297 0.273015201 0.168580845 0.362663776 4.76309156 2.73276698E-02 0.300330192
878 2.21468091 0.235248223 2.76616883 0.209322929 1.39259660 0.295819581 3.34627056 0.315516233 0.501765013
885 1.41568315 0.124968722 2.37190008 0.481967986 0.645443201 0.416888982 1.62451231 0.300474882 0.729785621
884 0.877999961 0.372146279 1.86665940 0.165331513 0.407650501 0.207464725 0.414878190 0.106810130 0.154852524
887 0.723894119 0.330369473 4.79145718 0.141499877 0.174411267 1.67327785 3.81393170 0.104474768 0.191050678
895 0.851189494 0.714142680 1.05092847 0.465834707 0.155386284 1.05816483 0.233976722 5.02911247E-02 0.492220551
888 0.510033429 0.292704880 4.31102180 0.297996730 0.913438857 1.03262579 1.07668018 0.599177599 0.371173561
893 0.354202330 1.05770910 2.00337648 0.244926035 0.239915192 0.763298988 2.64644647 0.123311684 0.341508448
903 1.13207328 0.418464333 2.71763015 0.385552377 2.40556216 9.49174836E-02 2.16806030 0.133737370 0.437654734
897 1.01429892 0.644032478 1.15327895 0.363617778 0.279679865 1.83076453 2.45871687 0.242281556 0.391155660
915 0.316464186 0.190242290 2.24670029 8.88491571E-02 0.260655582 1.83129621 5.93987656 0.197318658 0.220006868
857 1.07207513 0.406337351 2.32707334 0.411715358 0.981864452 0.526441634 5.04294586 0.481683254 0.119587049
861 0.588814259 0.292724520 0.211177886 0.217053711 1.99554181 0.324442148 3.59558487 0.452649087 0.252040178
920 0.431442976 1.28727865 0.426099569 0.399845243 1.13646221 0.449342281 4.12574482 0.515437007 0.408063203
917 0.259517908 0.453248620 6.27170753 9.42246839E-02 1.13568676 0.175323844 5.87575531 0.186886102 0.276054084
891 0.315316349 0.810254216 0.539917171 0.203485295 2.64049220 0.114947975 5.46036863 4.54180315E-02 0.234494999
910 0.793332160 0.362523466 0.804803252 0.226082385 4.28626490 0.103425160 2.26012111 0.499761522 0.437065989
908 2.31274080 0.434828073 3.99721527 0.594767869 0.780451953 0.416583121 1.35345387 0.410899431 0.195268556
913 0.826925874 0.258890927 4.17451715 0.351024210 1.94717693 0.194360882 0.966600537 0.144293517 0.375844002
904 4.21681690 0.147570148 4.39176083 0.394482911 0.431279391 0.828662157 2.44400215 0.295736611 0.213686511
933 0.184497938 0.746200919 2.70415425 7.49341026E-02 2.38278341 7.99190626E-02 1.70070314 0.287269592 0.279958516
924 0.354412198 1.01132607 1.44149971 0.217673361 0.707233310 0.450007349 0.387649179 0.335962862 0.405516922
817 1.68028939 0.283161044 0.671035528 0.308956265 0.599030733 0.610243797 6.23823833 0.274061322 0.499370664
929 3.06331778 3.82350944E-02 1.85766792 0.390466273 0.615173280 0.518107891 0.544523180 0.344419271 0.704402864
926 1.05068433 0.382030368 1.05021250 0.236306936 1.74569726 0.294089258 3.47212029 0.683186591 0.447622091
906 3.03479028 0.252302200 0.403868109 0.256915748 1.41142380 0.341288567 0.711625755 0.278322875 0.524644077
925 5.35563469 9.51473862E-02 1.09184909 0.247534990 0.681565881 0.525230169 4.41786814 0.361897200 0.125532925
938 6.88138056 7.06528053E-02 1.11359429 0.168127656 1.27694070 0.325847507 1.02936387 0.290822417 0.124572024
935 0.342031419 1.74362814 5.42923069 0.309932262 0.296944648 0.370662749 5.54770803 9.03097615E-02 0.393318266
948 0.689112425 0.706733048 4.40377235 0.315832824 0.314276069 1.25145841 5.14960337 0.231650785 0.474670142
927 0.996204436 0.707558155 3.64947867 0.388963819 0.296317190 0.257059246 4.06402946E-02 0.134118170 0.255856574
947 0.926991761 0.401909143 3.04464412 0.121427506 0.406499177 0.226920635 3.05883813 2.01815125E-02 0.107698947
916 0.877202511 0.637166560 0.480401069 0.480359942 1.58934259 4.90279570E-02 4.94517660 0.105433702 0.383560389
931 0.472125322 0.170291290 4.68229294 0.168748558 0.962911189 0.149607390 1.53205597 0.129432991 0.267278343
930 1.33001828 0.412934989 3.27879953 0.495141149 0.249852255 0.573312223 0.483939290 0.121386677 0.396865278
912 2.29080963 8.70292634E-02 4.73402596 0.104011931 0.284232408 1.09733665 0.289457440 0.225252494 0.288209230
952 1.34548712 0.511576891 3.97104168 0.377395123 0.369773954 1.50621128 1.06486320 0.338752270 4.19609472E-02
937 3.49094105 0.135875225 1.03923321 0.537594795 0.00000000 0.00000000 0.00000000 0.00000000 4.16552353
936 1.58004212 0.312995940 1.74941325 0.364768654 0.298020482 1.75952041 5.96180153 0.262116671 0.102749273
954 1.66331041 0.585471153 5.03341389 0.546471119 0.422884107 0.758711696 4.08913422 0.207356483 0.607839167
943 0.461947262 0.355003029 2.08062339 0.180346653 0.636588275 0.496517271 1.46446872 0.337510586 0.502397418
955 0.197318256 1.47313619 5.82179260 0.129838750 0.537169695 0.595611930 3.34855771 0.389622390 0.286415815
946 0.940334380 0.176938951 3.71502209 0.389651179 0.192136437 0.318659097 4.23793077 7.65784457E-02 0.466205120
944 0.776145339 0.441754758 0.297237486 0.422204942 1.89497447 0.138235390 2.15166306 0.183876634 0.596131623
921 2.43457222 9.84438658E-02 5.88285542 0.181008175 1.04771113 0.687031150 5.68844414 0.528162301 0.412562698
950 3.23001266 0.101461537 5.66097927 0.385666788 0.952157438 0.369216979 3.27021670 0.316624045 0.206218928
945 1.31064379 0.180584073 0.480080336 0.254930973 2.70651412 0.168130860 2.62017059 0.300470352 8.82749856E-02
958 0.690889478 0.420134217 5.75370216 0.278411090 0.368179411 0.294819981 5.57357264 0.136169523 0.409164816
966 0.335320354 0.799639761 4.07108307 0.216772974 1.42006612 0.436643273 4.57491684 0.559741020 0.759597719
971 0.959500313 5.22406250E-02 3.92556381 0.157824591 0.597174883 0.877657771 4.49668217 0.458636463 0.556138635
968 0.748318315 6.36223629E-02 2.98910594 0.131879792 0.246497110 1.96748042 1.57132995 0.190209553 0.210631818
951 0.876204014 0.448407173 2.93452215 0.315059751 0.975112259 0.158335686 1.35690320 0.147353992 0.263121545
969 1.00566804 0.484525055 3.62934327 0.339210540 0.224131882 2.29051161 1.31239200 0.126385018 0.268175334
962 1.93273985 0.313732237 2.22687101 0.722651124 0.567788124 0.709936380 5.89403343 0.317368269 0.421062112
957 3.49106312 0.203630924 2.64110327 0.637039959 0.557447195 0.113820486 0.593884885 6.72420189E-02 0.600997090
982 0.624539793 0.851445019 5.75493765 0.291697472 1.75004792 0.167014822 0.164185077 0.402089745 0.131006867
987 0.590416551 1.07622695 3.78592539 0.510717213 0.388860673 7.60900006E-02 3.95775008 3.71843874E-02 0.545962691
974 1.35376596 0.344356328 0.878395796 0.518506050 2.17243528 0.134043455 5.08546019 0.103702016 0.465185225
972 4.01239634 0.181914985 3.72213984 0.330704510 0.333926469 0.843011916 4.50607491 0.199291602 0.381452352
973 0.940706253 0.563626051 7.64282886E-03 0.385658979 2.32582760 0.151052892 1.60085595 0.513002157 0.424530715
989 0.825899065 0.217170596 5.02115774 0.122049317 0.551468849 0.184091732 1.48467886 0.143920541 0.104437985
976 2.92511797 0.384002626 4.21143055 0.593876064 0.186091945 2.45760870 2.60889053 8.72696340E-02 0.578498125
967 4.09611988 0.270209432 1.86120129 0.792485118 0.181705087 0.640324056 1.72388315 6.09802157E-02 0.849993169
965 2.11797333 0.201289490 4.78558445 0.248696744 0.230021507 1.08543193 3.84820652 0.152826637 0.313166857
959 0.896399140 0.269521922 3.56141019 0.305576205 0.578018844 0.449895650 1.67511535 0.198736474 0.295888782
940 1.42718589 0.150451615 5.55361700 0.476536244 0.253698826 0.293453813 1.86209679 5.43191284E-02 0.478947908
970 0.787326872 0.647974312 5.59151268 0.341619045 0.769088566 0.274023592 2.61365891 0.341968089 7.79172033E-02
994 4.58393192 0.147433475 4.62670565 0.303445488 0.669366241 0.229424730 3.29194379 0.114139073 0.190417171
983 0.858521760 0.642675579 3.14335299 0.361737251 0.274084955 1.79480517 1.27792358 0.234796405 0.286020726
997 4.52156067 0.176743805 0.759767354 0.104268342 1.07018673 6.36204928E-02 3.18311214 0.217838570 0.126086280
978 1.63504207 0.232343778 3.99925160 0.361003667 2.80093050 0.220695749 2.18375635 0.519433022 0.458212852
992 0.494337887 0.583347619 0.330225021 0.309768379 0.336353242 0.406423450 6.01635313 0.145484000 0.445599467
988 0.210143551 0.989233494 3.21707940 0.135623083 1.11342275 0.262848914 2.95055175 0.341195405 0.474349976
995 2.71704006 7.36338347E-02 0.892221868 0.118657365 3.38182235 8.61837566E-02 3.39032340 0.428719848 0.391171485
990 0.716524959 0.501379192 3.23557568 0.273345977 1.55528331 0.281358093 4.56444168 0.251850426 0.250653356
1006 0.963777363 0.440215051 5.15677643 0.403743267 0.549254119 0.339520603 0.668826520 9.60220918E-02 0.318928033
1000 0.520149529 0.841469467 2.28421283 0.361877650 1.52226746 0.197458699 1.36007881 0.129989237 0.476954579
1012 0.949163675 0.769093156 3.16319060 0.709428549 0.983738422 8.93812180E-02 2.16135168 0.196021810 0.859269679
1017 1.10714746 0.151708215 4.49561501 0.217711031 0.540957630 0.369333059 5.35572991E-02 0.292384773 0.491724432
