0.39269908169872414 0.39269908169872414 1283 
0.39269908169872414 1.1780972450961724 4151 
0.39269908169872414 1.9634954084936207 11575 
0.39269908169872414 2.748893571891069 18106 
0.39269908169872414 3.5342917352885173 15308 
0.39269908169872414 4.319689898685965 10768 
0.39269908169872414 5.105088062083414 4803 
0.39269908169872414 5.890486225480862 1017 
1.1780972450961724 0.39269908169872414 834 
1.1780972450961724 1.1780972450961724 1667 
1.1780972450961724 1.9634954084936207 6241 
1.1780972450961724 2.748893571891069 11689 
1.1780972450961724 3.5342917352885173 13012 
1.1780972450961724 4.319689898685965 9922 
1.1780972450961724 5.105088062083414 4880 
1.1780972450961724 5.890486225480862 1946 
1.9634954084936207 0.39269908169872414 209 
1.9634954084936207 1.1780972450961724 230 
1.9634954084936207 1.9634954084936207 1831 
1.9634954084936207 2.748893571891069 8518 
1.9634954084936207 3.5342917352885173 8597 
1.9634954084936207 4.319689898685965 8489 
1.9634954084936207 5.105088062083414 4732 
1.9634954084936207 5.890486225480862 1142 
2.748893571891069 0.39269908169872414 383 
2.748893571891069 1.1780972450961724 396 
2.748893571891069 1.9634954084936207 1212 
2.748893571891069 2.748893571891069 3222 
2.748893571891069 3.5342917352885173 4018 
2.748893571891069 4.319689898685965 3454 
2.748893571891069 5.105088062083414 2175 
2.748893571891069 5.890486225480862 593 
3.5342917352885173 0.39269908169872414 481 
3.5342917352885173 1.1780972450961724 2615 
3.5342917352885173 1.9634954084936207 4459 
3.5342917352885173 2.748893571891069 3635 
3.5342917352885173 3.5342917352885173 3303 
3.5342917352885173 4.319689898685965 1222 
3.5342917352885173 5.105088062083414 371 
3.5342917352885173 5.890486225480862 327 
4.319689898685965 0.39269908169872414 1023 
4.319689898685965 1.1780972450961724 5351 
4.319689898685965 1.9634954084936207 12175 
4.319689898685965 2.748893571891069 12167 
4.319689898685965 3.5342917352885173 8439 
4.319689898685965 4.319689898685965 2337 
4.319689898685965 5.105088062083414 307 
4.319689898685965 5.890486225480862 229 
5.105088062083414 0.39269908169872414 1952 
5.105088062083414 1.1780972450961724 5792 
5.105088062083414 1.9634954084936207 15313 
5.105088062083414 2.748893571891069 18046 
5.105088062083414 3.5342917352885173 19436 
5.105088062083414 4.319689898685965 8768 
5.105088062083414 5.105088062083414 1683 
5.105088062083414 5.890486225480862 840 
5.890486225480862 0.39269908169872414 754 
5.890486225480862 1.1780972450961724 5042 
5.890486225480862 1.9634954084936207 9558 
5.890486225480862 2.748893571891069 13112 
5.890486225480862 3.5342917352885173 22303 
5.890486225480862 4.319689898685965 17474 
5.890486225480862 5.105088062083414 5420 
5.890486225480862 5.890486225480862 909