0.39269908169872414 0.39269908169872414 4680 
0.39269908169872414 1.1780972450961724 7957 
0.39269908169872414 1.9634954084936207 12909 
0.39269908169872414 2.748893571891069 13490 
0.39269908169872414 3.5342917352885173 7954 
0.39269908169872414 4.319689898685965 4916 
0.39269908169872414 5.105088062083414 4819 
0.39269908169872414 5.890486225480862 4104 
1.1780972450961724 0.39269908169872414 3610 
1.1780972450961724 1.1780972450961724 3902 
1.1780972450961724 1.9634954084936207 9376 
1.1780972450961724 2.748893571891069 12660 
1.1780972450961724 3.5342917352885173 13196 
1.1780972450961724 4.319689898685965 10478 
1.1780972450961724 5.105088062083414 8612 
1.1780972450961724 5.890486225480862 8009 
1.9634954084936207 0.39269908169872414 3165 
1.9634954084936207 1.1780972450961724 1026 
1.9634954084936207 1.9634954084936207 1359 
1.9634954084936207 2.748893571891069 5196 
1.9634954084936207 3.5342917352885173 12536 
1.9634954084936207 4.319689898685965 12921 
1.9634954084936207 5.105088062083414 9109 
1.9634954084936207 5.890486225480862 6984 
2.748893571891069 0.39269908169872414 2886 
2.748893571891069 1.1780972450961724 1090 
2.748893571891069 1.9634954084936207 381 
2.748893571891069 2.748893571891069 418 
2.748893571891069 3.5342917352885173 1401 
2.748893571891069 4.319689898685965 3589 
2.748893571891069 5.105088062083414 5439 
2.748893571891069 5.890486225480862 4521 
3.5342917352885173 0.39269908169872414 3556 
3.5342917352885173 1.1780972450961724 5534 
3.5342917352885173 1.9634954084936207 3978 
3.5342917352885173 2.748893571891069 1240 
3.5342917352885173 3.5342917352885173 347 
3.5342917352885173 4.319689898685965 276 
3.5342917352885173 5.105088062083414 1075 
3.5342917352885173 5.890486225480862 2446 
4.319689898685965 0.39269908169872414 6880 
4.319689898685965 1.1780972450961724 9089 
4.319689898685965 1.9634954084936207 11679 
4.319689898685965 2.748893571891069 12048 
4.319689898685965 3.5342917352885173 6065 
4.319689898685965 4.319689898685965 1609 
4.319689898685965 5.105088062083414 1103 
4.319689898685965 5.890486225480862 2799 
5.105088062083414 0.39269908169872414 6699 
5.105088062083414 1.1780972450961724 7456 
5.105088062083414 1.9634954084936207 11086 
5.105088062083414 2.748893571891069 15879 
5.105088062083414 3.5342917352885173 13746 
5.105088062083414 4.319689898685965 8282 
5.105088062083414 5.105088062083414 3996 
5.105088062083414 5.890486225480862 4117 
5.890486225480862 0.39269908169872414 3114 
5.890486225480862 1.1780972450961724 5196 
5.890486225480862 1.9634954084936207 4597 
5.890486225480862 2.748893571891069 6466 
5.890486225480862 3.5342917352885173 11630 
5.890486225480862 4.319689898685965 11065 
5.890486225480862 5.105088062083414 6213 
5.890486225480862 5.890486225480862 2856