0.39269908169872414 0.39269908169872414 600 
0.39269908169872414 1.1780972450961724 982 
0.39269908169872414 1.9634954084936207 1606 
0.39269908169872414 2.748893571891069 1593 
0.39269908169872414 3.5342917352885173 946 
0.39269908169872414 4.319689898685965 585 
0.39269908169872414 5.105088062083414 570 
0.39269908169872414 5.890486225480862 513 
1.1780972450961724 0.39269908169872414 423 
1.1780972450961724 1.1780972450961724 486 
1.1780972450961724 1.9634954084936207 1149 
1.1780972450961724 2.748893571891069 1566 
1.1780972450961724 3.5342917352885173 1631 
1.1780972450961724 4.319689898685965 1283 
1.1780972450961724 5.105088062083414 1038 
1.1780972450961724 5.890486225480862 929 
1.9634954084936207 0.39269908169872414 361 
1.9634954084936207 1.1780972450961724 125 
1.9634954084936207 1.9634954084936207 161 
1.9634954084936207 2.748893571891069 671 
1.9634954084936207 3.5342917352885173 1463 
1.9634954084936207 4.319689898685965 1534 
1.9634954084936207 5.105088062083414 1073 
1.9634954084936207 5.890486225480862 829 
2.748893571891069 0.39269908169872414 349 
2.748893571891069 1.1780972450961724 134 
2.748893571891069 1.9634954084936207 40 
2.748893571891069 2.748893571891069 57 
2.748893571891069 3.5342917352885173 150 
2.748893571891069 4.319689898685965 445 
2.748893571891069 5.105088062083414 662 
2.748893571891069 5.890486225480862 510 
3.5342917352885173 0.39269908169872414 448 
3.5342917352885173 1.1780972450961724 670 
3.5342917352885173 1.9634954084936207 516 
3.5342917352885173 2.748893571891069 146 
3.5342917352885173 3.5342917352885173 34 
3.5342917352885173 4.319689898685965 29 
3.5342917352885173 5.105088062083414 117 
3.5342917352885173 5.890486225480862 298 
4.319689898685965 0.39269908169872414 851 
4.319689898685965 1.1780972450961724 1116 
4.319689898685965 1.9634954084936207 1444 
4.319689898685965 2.748893571891069 1510 
4.319689898685965 3.5342917352885173 704 
4.319689898685965 4.319689898685965 203 
4.319689898685965 5.105088062083414 138 
4.319689898685965 5.890486225480862 344 
5.105088062083414 0.39269908169872414 778 
5.105088062083414 1.1780972450961724 916 
5.105088062083414 1.9634954084936207 1334 
5.105088062083414 2.748893571891069 1974 
5.105088062083414 3.5342917352885173 1657 
5.105088062083414 4.319689898685965 1017 
5.105088062083414 5.105088062083414 528 
5.105088062083414 5.890486225480862 527 
5.890486225480862 0.39269908169872414 363 
5.890486225480862 1.1780972450961724 657 
5.890486225480862 1.9634954084936207 516 
5.890486225480862 2.748893571891069 826 
5.890486225480862 3.5342917352885173 1458 
5.890486225480862 4.319689898685965 1425 
5.890486225480862 5.105088062083414 751 
5.890486225480862 5.890486225480862 348