0.39269908169872414 0.39269908169872414 1358 
0.39269908169872414 1.1780972450961724 4318 
0.39269908169872414 1.9634954084936207 12243 
0.39269908169872414 2.748893571891069 18753 
0.39269908169872414 3.5342917352885173 15405 
0.39269908169872414 4.319689898685965 10139 
0.39269908169872414 5.105088062083414 4431 
0.39269908169872414 5.890486225480862 978 
1.1780972450961724 0.39269908169872414 797 
1.1780972450961724 1.1780972450961724 1615 
1.1780972450961724 1.9634954084936207 6419 
1.1780972450961724 2.748893571891069 11991 
1.1780972450961724 3.5342917352885173 13105 
1.1780972450961724 4.319689898685965 9899 
1.1780972450961724 5.105088062083414 4727 
1.1780972450961724 5.890486225480862 1993 
1.9634954084936207 0.39269908169872414 250 
1.9634954084936207 1.1780972450961724 243 
1.9634954084936207 1.9634954084936207 1855 
1.9634954084936207 2.748893571891069 8602 
1.9634954084936207 3.5342917352885173 8904 
1.9634954084936207 4.319689898685965 8327 
1.9634954084936207 5.105088062083414 4776 
1.9634954084936207 5.890486225480862 1258 
2.748893571891069 0.39269908169872414 410 
2.748893571891069 1.1780972450961724 411 
2.748893571891069 1.9634954084936207 1198 
2.748893571891069 2.748893571891069 3122 
2.748893571891069 3.5342917352885173 3992 
2.748893571891069 4.319689898685965 3436 
2.748893571891069 5.105088062083414 1976 
2.748893571891069 5.890486225480862 617 
3.5342917352885173 0.39269908169872414 534 
3.5342917352885173 1.1780972450961724 2723 
3.5342917352885173 1.9634954084936207 4596 
3.5342917352885173 2.748893571891069 3637 
3.5342917352885173 3.5342917352885173 3203 
3.5342917352885173 4.319689898685965 1177 
3.5342917352885173 5.105088062083414 400 
3.5342917352885173 5.890486225480862 307 
4.319689898685965 0.39269908169872414 994 
4.319689898685965 1.1780972450961724 5336 
4.319689898685965 1.9634954084936207 12057 
4.319689898685965 2.748893571891069 12157 
4.319689898685965 3.5342917352885173 8300 
4.319689898685965 4.319689898685965 2236 
4.319689898685965 5.105088062083414 288 
4.319689898685965 5.890486225480862 197 
5.105088062083414 0.39269908169872414 1996 
5.105088062083414 1.1780972450961724 5954 
5.105088062083414 1.9634954084936207 15594 
5.105088062083414 2.748893571891069 17990 
5.105088062083414 3.5342917352885173 18701 
5.105088062083414 4.319689898685965 8408 
5.105088062083414 5.105088062083414 1637 
5.105088062083414 5.890486225480862 831 
5.890486225480862 0.39269908169872414 781 
5.890486225480862 1.1780972450961724 5294 
5.890486225480862 1.9634954084936207 10117 
5.890486225480862 2.748893571891069 13299 
5.890486225480862 3.5342917352885173 21451 
5.890486225480862 4.319689898685965 16425 
5.890486225480862 5.105088062083414 5231 
5.890486225480862 5.890486225480862 938 