0.39269908169872414 0.39269908169872414 151 
0.39269908169872414 1.1780972450961724 531 
0.39269908169872414 1.9634954084936207 1473 
0.39269908169872414 2.748893571891069 2256 
0.39269908169872414 3.5342917352885173 1943 
0.39269908169872414 4.319689898685965 1259 
0.39269908169872414 5.105088062083414 604 
0.39269908169872414 5.890486225480862 125 
1.1780972450961724 0.39269908169872414 103 
1.1780972450961724 1.1780972450961724 212 
1.1780972450961724 1.9634954084936207 756 
1.1780972450961724 2.748893571891069 1434 
1.1780972450961724 3.5342917352885173 1642 
1.1780972450961724 4.319689898685965 1233 
1.1780972450961724 5.105088062083414 585 
1.1780972450961724 5.890486225480862 258 
1.9634954084936207 0.39269908169872414 20 
1.9634954084936207 1.1780972450961724 26 
1.9634954084936207 1.9634954084936207 230 
1.9634954084936207 2.748893571891069 1081 
1.9634954084936207 3.5342917352885173 1071 
1.9634954084936207 4.319689898685965 1084 
1.9634954084936207 5.105088062083414 564 
1.9634954084936207 5.890486225480862 140 
2.748893571891069 0.39269908169872414 49 
2.748893571891069 1.1780972450961724 61 
2.748893571891069 1.9634954084936207 145 
2.748893571891069 2.748893571891069 376 
2.748893571891069 3.5342917352885173 493 
2.748893571891069 4.319689898685965 445 
2.748893571891069 5.105088062083414 266 
2.748893571891069 5.890486225480862 75 
3.5342917352885173 0.39269908169872414 68 
3.5342917352885173 1.1780972450961724 301 
3.5342917352885173 1.9634954084936207 557 
3.5342917352885173 2.748893571891069 427 
3.5342917352885173 3.5342917352885173 392 
3.5342917352885173 4.319689898685965 156 
3.5342917352885173 5.105088062083414 48 
3.5342917352885173 5.890486225480862 47 
4.319689898685965 0.39269908169872414 127 
4.319689898685965 1.1780972450961724 674 
4.319689898685965 1.9634954084936207 1497 
4.319689898685965 2.748893571891069 1483 
4.319689898685965 3.5342917352885173 1039 
4.319689898685965 4.319689898685965 269 
4.319689898685965 5.105088062083414 44 
4.319689898685965 5.890486225480862 24 
5.105088062083414 0.39269908169872414 258 
5.105088062083414 1.1780972450961724 707 
5.105088062083414 1.9634954084936207 1919 
5.105088062083414 2.748893571891069 2215 
5.105088062083414 3.5342917352885173 2332 
5.105088062083414 4.319689898685965 1096 
5.105088062083414 5.105088062083414 204 
5.105088062083414 5.890486225480862 100 
5.890486225480862 0.39269908169872414 110 
5.890486225480862 1.1780972450961724 659 
5.890486225480862 1.9634954084936207 1153 
5.890486225480862 2.748893571891069 1564 
5.890486225480862 3.5342917352885173 2677 
5.890486225480862 4.319689898685965 2198 
5.890486225480862 5.105088062083414 659 
5.890486225480862 5.890486225480862 118 