0.39269908169872414 0.39269908169872414 147 
0.39269908169872414 1.1780972450961724 533 
0.39269908169872414 1.9634954084936207 1474 
0.39269908169872414 2.748893571891069 2290 
0.39269908169872414 3.5342917352885173 1956 
0.39269908169872414 4.319689898685965 1238 
0.39269908169872414 5.105088062083414 493 
0.39269908169872414 5.890486225480862 131 
1.1780972450961724 0.39269908169872414 109 
1.1780972450961724 1.1780972450961724 186 
1.1780972450961724 1.9634954084936207 780 
1.1780972450961724 2.748893571891069 1507 
1.1780972450961724 3.5342917352885173 1555 
1.1780972450961724 4.319689898685965 1260 
1.1780972450961724 5.105088062083414 580 
1.1780972450961724 5.890486225480862 232 
1.9634954084936207 0.39269908169872414 42 
1.9634954084936207 1.1780972450961724 30 
1.9634954084936207 1.9634954084936207 237 
1.9634954084936207 2.748893571891069 1075 
1.9634954084936207 3.5342917352885173 1098 
1.9634954084936207 4.319689898685965 1030 
1.9634954084936207 5.105088062083414 649 
1.9634954084936207 5.890486225480862 150 
2.748893571891069 0.39269908169872414 58 
2.748893571891069 1.1780972450961724 50 
2.748893571891069 1.9634954084936207 137 
2.748893571891069 2.748893571891069 351 
2.748893571891069 3.5342917352885173 499 
2.748893571891069 4.319689898685965 404 
2.748893571891069 5.105088062083414 257 
2.748893571891069 5.890486225480862 83 
3.5342917352885173 0.39269908169872414 81 
3.5342917352885173 1.1780972450961724 330 
3.5342917352885173 1.9634954084936207 557 
3.5342917352885173 2.748893571891069 458 
3.5342917352885173 3.5342917352885173 370 
3.5342917352885173 4.319689898685965 165 
3.5342917352885173 5.105088062083414 55 
3.5342917352885173 5.890486225480862 39 
4.319689898685965 0.39269908169872414 129 
4.319689898685965 1.1780972450961724 649 
4.319689898685965 1.9634954084936207 1525 
4.319689898685965 2.748893571891069 1474 
4.319689898685965 3.5342917352885173 1008 
4.319689898685965 4.319689898685965 270 
4.319689898685965 5.105088062083414 42 
4.319689898685965 5.890486225480862 24 
5.105088062083414 0.39269908169872414 277 
5.105088062083414 1.1780972450961724 740 
5.105088062083414 1.9634954084936207 1929 
5.105088062083414 2.748893571891069 2205 
5.105088062083414 3.5342917352885173 2275 
5.105088062083414 4.319689898685965 1011 
5.105088062083414 5.105088062083414 207 
5.105088062083414 5.890486225480862 113 
5.890486225480862 0.39269908169872414 102 
5.890486225480862 1.1780972450961724 629 
5.890486225480862 1.9634954084936207 1257 
5.890486225480862 2.748893571891069 1677 
5.890486225480862 3.5342917352885173 2649 
5.890486225480862 4.319689898685965 1997 
5.890486225480862 5.105088062083414 616 
5.890486225480862 5.890486225480862 106 