0.39269908169872414 0.39269908169872414 564 
0.39269908169872414 1.1780972450961724 956 
0.39269908169872414 1.9634954084936207 1572 
0.39269908169872414 2.748893571891069 1625 
0.39269908169872414 3.5342917352885173 963 
0.39269908169872414 4.319689898685965 590 
0.39269908169872414 5.105088062083414 582 
0.39269908169872414 5.890486225480862 497 
1.1780972450961724 0.39269908169872414 462 
1.1780972450961724 1.1780972450961724 502 
1.1780972450961724 1.9634954084936207 1067 
1.1780972450961724 2.748893571891069 1549 
1.1780972450961724 3.5342917352885173 1693 
1.1780972450961724 4.319689898685965 1223 
1.1780972450961724 5.105088062083414 955 
1.1780972450961724 5.890486225480862 886 
1.9634954084936207 0.39269908169872414 354 
1.9634954084936207 1.1780972450961724 115 
1.9634954084936207 1.9634954084936207 183 
1.9634954084936207 2.748893571891069 620 
1.9634954084936207 3.5342917352885173 1537 
1.9634954084936207 4.319689898685965 1610 
1.9634954084936207 5.105088062083414 1102 
1.9634954084936207 5.890486225480862 730 
2.748893571891069 0.39269908169872414 317 
2.748893571891069 1.1780972450961724 148 
2.748893571891069 1.9634954084936207 45 
2.748893571891069 2.748893571891069 63 
2.748893571891069 3.5342917352885173 178 
2.748893571891069 4.319689898685965 475 
2.748893571891069 5.105088062083414 728 
2.748893571891069 5.890486225480862 542 
3.5342917352885173 0.39269908169872414 424 
3.5342917352885173 1.1780972450961724 635 
3.5342917352885173 1.9634954084936207 445 
3.5342917352885173 2.748893571891069 159 
3.5342917352885173 3.5342917352885173 41 
3.5342917352885173 4.319689898685965 44 
3.5342917352885173 5.105088062083414 171 
3.5342917352885173 5.890486225480862 338 
4.319689898685965 0.39269908169872414 967 
4.319689898685965 1.1780972450961724 1211 
4.319689898685965 1.9634954084936207 1424 
4.319689898685965 2.748893571891069 1496 
4.319689898685965 3.5342917352885173 736 
4.319689898685965 4.319689898685965 214 
4.319689898685965 5.105088062083414 129 
4.319689898685965 5.890486225480862 356 
5.105088062083414 0.39269908169872414 877 
5.105088062083414 1.1780972450961724 1038 
5.105088062083414 1.9634954084936207 1526 
5.105088062083414 2.748893571891069 1921 
5.105088062083414 3.5342917352885173 1659 
5.105088062083414 4.319689898685965 1000 
5.105088062083414 5.105088062083414 493 
5.105088062083414 5.890486225480862 523 
5.890486225480862 0.39269908169872414 363 
5.890486225480862 1.1780972450961724 646 
5.890486225480862 1.9634954084936207 599 
5.890486225480862 2.748893571891069 819 
5.890486225480862 3.5342917352885173 1452 
5.890486225480862 4.319689898685965 1396 
5.890486225480862 5.105088062083414 709 
5.890486225480862 5.890486225480862 384 