0.39269908169872414 0.39269908169872414 1012 
0.39269908169872414 1.1780972450961724 1637 
0.39269908169872414 1.9634954084936207 2696 
0.39269908169872414 2.748893571891069 2822 
0.39269908169872414 3.5342917352885173 1663 
0.39269908169872414 4.319689898685965 1005 
0.39269908169872414 5.105088062083414 976 
0.39269908169872414 5.890486225480862 873 
1.1780972450961724 0.39269908169872414 749 
1.1780972450961724 1.1780972450961724 846 
1.1780972450961724 1.9634954084936207 1905 
1.1780972450961724 2.748893571891069 2708 
1.1780972450961724 3.5342917352885173 2816 
1.1780972450961724 4.319689898685965 2225 
1.1780972450961724 5.105088062083414 1764 
1.1780972450961724 5.890486225480862 1629 
1.9634954084936207 0.39269908169872414 644 
1.9634954084936207 1.1780972450961724 216 
1.9634954084936207 1.9634954084936207 291 
1.9634954084936207 2.748893571891069 1149 
1.9634954084936207 3.5342917352885173 2605 
1.9634954084936207 4.319689898685965 2603 
1.9634954084936207 5.105088062083414 1892 
1.9634954084936207 5.890486225480862 1433 
2.748893571891069 0.39269908169872414 578 
2.748893571891069 1.1780972450961724 214 
2.748893571891069 1.9634954084936207 68 
2.748893571891069 2.748893571891069 95 
2.748893571891069 3.5342917352885173 296 
2.748893571891069 4.319689898685965 778 
2.748893571891069 5.105088062083414 1139 
2.748893571891069 5.890486225480862 883 
3.5342917352885173 0.39269908169872414 735 
3.5342917352885173 1.1780972450961724 1129 
3.5342917352885173 1.9634954084936207 887 
3.5342917352885173 2.748893571891069 250 
3.5342917352885173 3.5342917352885173 80 
3.5342917352885173 4.319689898685965 50 
3.5342917352885173 5.105088062083414 227 
3.5342917352885173 5.890486225480862 515 
4.319689898685965 0.39269908169872414 1506 
4.319689898685965 1.1780972450961724 1905 
4.319689898685965 1.9634954084936207 2439 
4.319689898685965 2.748893571891069 2592 
4.319689898685965 3.5342917352885173 1251 
4.319689898685965 4.319689898685965 343 
4.319689898685965 5.105088062083414 214 
4.319689898685965 5.890486225480862 569 
5.105088062083414 0.39269908169872414 1314 
5.105088062083414 1.1780972450961724 1573 
5.105088062083414 1.9634954084936207 2312 
5.105088062083414 2.748893571891069 3381 
5.105088062083414 3.5342917352885173 2965 
5.105088062083414 4.319689898685965 1735 
5.105088062083414 5.105088062083414 869 
5.105088062083414 5.890486225480862 888 
5.890486225480862 0.39269908169872414 612 
5.890486225480862 1.1780972450961724 1138 
5.890486225480862 1.9634954084936207 899 
5.890486225480862 2.748893571891069 1425 
5.890486225480862 3.5342917352885173 2563 
5.890486225480862 4.319689898685965 2369 
5.890486225480862 5.105088062083414 1274 
5.890486225480862 5.890486225480862 618 