0.39269908169872414 0.39269908169872414 163 
0.39269908169872414 1.1780972450961724 588 
0.39269908169872414 1.9634954084936207 1650 
0.39269908169872414 2.748893571891069 2545 
0.39269908169872414 3.5342917352885173 2157 
0.39269908169872414 4.319689898685965 1350 
0.39269908169872414 5.105088062083414 544 
0.39269908169872414 5.890486225480862 135 
1.1780972450961724 0.39269908169872414 114 
1.1780972450961724 1.1780972450961724 200 
1.1780972450961724 1.9634954084936207 852 
1.1780972450961724 2.748893571891069 1656 
1.1780972450961724 3.5342917352885173 1742 
1.1780972450961724 4.319689898685965 1384 
1.1780972450961724 5.105088062083414 627 
1.1780972450961724 5.890486225480862 255 
1.9634954084936207 0.39269908169872414 44 
1.9634954084936207 1.1780972450961724 36 
1.9634954084936207 1.9634954084936207 251 
1.9634954084936207 2.748893571891069 1177 
1.9634954084936207 3.5342917352885173 1220 
1.9634954084936207 4.319689898685965 1140 
1.9634954084936207 5.105088062083414 715 
1.9634954084936207 5.890486225480862 161 
2.748893571891069 0.39269908169872414 69 
2.748893571891069 1.1780972450961724 57 
2.748893571891069 1.9634954084936207 149 
2.748893571891069 2.748893571891069 392 
2.748893571891069 3.5342917352885173 544 
2.748893571891069 4.319689898685965 448 
2.748893571891069 5.105088062083414 291 
2.748893571891069 5.890486225480862 91 
3.5342917352885173 0.39269908169872414 86 
3.5342917352885173 1.1780972450961724 364 
3.5342917352885173 1.9634954084936207 606 
3.5342917352885173 2.748893571891069 498 
3.5342917352885173 3.5342917352885173 406 
3.5342917352885173 4.319689898685965 175 
3.5342917352885173 5.105088062083414 59 
3.5342917352885173 5.890486225480862 40 
4.319689898685965 0.39269908169872414 137 
4.319689898685965 1.1780972450961724 699 
4.319689898685965 1.9634954084936207 1657 
4.319689898685965 2.748893571891069 1655 
4.319689898685965 3.5342917352885173 1116 
4.319689898685965 4.319689898685965 292 
4.319689898685965 5.105088062083414 44 
4.319689898685965 5.890486225480862 26 
5.105088062083414 0.39269908169872414 297 
5.105088062083414 1.1780972450961724 796 
5.105088062083414 1.9634954084936207 2110 
5.105088062083414 2.748893571891069 2465 
5.105088062083414 3.5342917352885173 2541 
5.105088062083414 4.319689898685965 1123 
5.105088062083414 5.105088062083414 222 
5.105088062083414 5.890486225480862 117 
5.890486225480862 0.39269908169872414 111 
5.890486225480862 1.1780972450961724 689 
5.890486225480862 1.9634954084936207 1366 
5.890486225480862 2.748893571891069 1862 
5.890486225480862 3.5342917352885173 2970 
5.890486225480862 4.319689898685965 2219 
5.890486225480862 5.105088062083414 661 
5.890486225480862 5.890486225480862 113