0.39269908169872414 0.39269908169872414 654 
0.39269908169872414 1.1780972450961724 1066 
0.39269908169872414 1.9634954084936207 1753 
0.39269908169872414 2.748893571891069 1769 
0.39269908169872414 3.5342917352885173 1040 
0.39269908169872414 4.319689898685965 652 
0.39269908169872414 5.105088062083414 631 
0.39269908169872414 5.890486225480862 562 
1.1780972450961724 0.39269908169872414 461 
1.1780972450961724 1.1780972450961724 533 
1.1780972450961724 1.9634954084936207 1232 
1.1780972450961724 2.748893571891069 1738 
1.1780972450961724 3.5342917352885173 1824 
1.1780972450961724 4.319689898685965 1419 
1.1780972450961724 5.105088062083414 1142 
1.1780972450961724 5.890486225480862 1021 
1.9634954084936207 0.39269908169872414 390 
1.9634954084936207 1.1780972450961724 134 
1.9634954084936207 1.9634954084936207 187 
1.9634954084936207 2.748893571891069 739 
1.9634954084936207 3.5342917352885173 1614 
1.9634954084936207 4.319689898685965 1686 
1.9634954084936207 5.105088062083414 1171 
1.9634954084936207 5.890486225480862 897 
2.748893571891069 0.39269908169872414 377 
2.748893571891069 1.1780972450961724 141 
2.748893571891069 1.9634954084936207 44 
2.748893571891069 2.748893571891069 62 
2.748893571891069 3.5342917352885173 171 
2.748893571891069 4.319689898685965 492 
2.748893571891069 5.105088062083414 728 
2.748893571891069 5.890486225480862 560 
3.5342917352885173 0.39269908169872414 484 
3.5342917352885173 1.1780972450961724 734 
3.5342917352885173 1.9634954084936207 560 
3.5342917352885173 2.748893571891069 160 
3.5342917352885173 3.5342917352885173 39 
3.5342917352885173 4.319689898685965 34 
3.5342917352885173 5.105088062083414 126 
3.5342917352885173 5.890486225480862 324 
4.319689898685965 0.39269908169872414 932 
4.319689898685965 1.1780972450961724 1223 
4.319689898685965 1.9634954084936207 1585 
4.319689898685965 2.748893571891069 1667 
4.319689898685965 3.5342917352885173 783 
4.319689898685965 4.319689898685965 214 
4.319689898685965 5.105088062083414 147 
4.319689898685965 5.890486225480862 370 
5.105088062083414 0.39269908169872414 843 
5.105088062083414 1.1780972450961724 1000 
5.105088062083414 1.9634954084936207 1467 
5.105088062083414 2.748893571891069 2194 
5.105088062083414 3.5342917352885173 1850 
5.105088062083414 4.319689898685965 1107 
5.105088062083414 5.105088062083414 564 
5.105088062083414 5.890486225480862 586 
5.890486225480862 0.39269908169872414 403 
5.890486225480862 1.1780972450961724 707 
5.890486225480862 1.9634954084936207 583 
5.890486225480862 2.748893571891069 920 
5.890486225480862 3.5342917352885173 1626 
5.890486225480862 4.319689898685965 1559 
5.890486225480862 5.105088062083414 815 
5.890486225480862 5.890486225480862 382