0.39269908169872414 0.39269908169872414 274 
0.39269908169872414 1.1780972450961724 873 
0.39269908169872414 1.9634954084936207 2550 
0.39269908169872414 2.748893571891069 4015 
0.39269908169872414 3.5342917352885173 3337 
0.39269908169872414 4.319689898685965 2113 
0.39269908169872414 5.105088062083414 877 
0.39269908169872414 5.890486225480862 218 
1.1780972450961724 0.39269908169872414 185 
1.1780972450961724 1.1780972450961724 316 
1.1780972450961724 1.9634954084936207 1335 
1.1780972450961724 2.748893571891069 2580 
1.1780972450961724 3.5342917352885173 2727 
1.1780972450961724 4.319689898685965 2125 
1.1780972450961724 5.105088062083414 982 
1.1780972450961724 5.890486225480862 381 
1.9634954084936207 0.39269908169872414 64 
1.9634954084936207 1.1780972450961724 58 
1.9634954084936207 1.9634954084936207 402 
1.9634954084936207 2.748893571891069 1848 
1.9634954084936207 3.5342917352885173 1868 
1.9634954084936207 4.319689898685965 1746 
1.9634954084936207 5.105088062083414 1096 
1.9634954084936207 5.890486225480862 248 
2.748893571891069 0.39269908169872414 102 
2.748893571891069 1.1780972450961724 94 
2.748893571891069 1.9634954084936207 235 
2.748893571891069 2.748893571891069 617 
2.748893571891069 3.5342917352885173 854 
2.748893571891069 4.319689898685965 697 
2.748893571891069 5.105088062083414 438 
2.748893571891069 5.890486225480862 130 
3.5342917352885173 0.39269908169872414 122 
3.5342917352885173 1.1780972450961724 553 
3.5342917352885173 1.9634954084936207 928 
3.5342917352885173 2.748893571891069 792 
3.5342917352885173 3.5342917352885173 652 
3.5342917352885173 4.319689898685965 274 
3.5342917352885173 5.105088062083414 86 
3.5342917352885173 5.890486225480862 62 
4.319689898685965 0.39269908169872414 226 
4.319689898685965 1.1780972450961724 1108 
4.319689898685965 1.9634954084936207 2560 
4.319689898685965 2.748893571891069 2579 
4.319689898685965 3.5342917352885173 1717 
4.319689898685965 4.319689898685965 486 
4.319689898685965 5.105088062083414 62 
4.319689898685965 5.890486225480862 44 
5.105088062083414 0.39269908169872414 444 
5.105088062083414 1.1780972450961724 1222 
5.105088062083414 1.9634954084936207 3291 
5.105088062083414 2.748893571891069 3836 
5.105088062083414 3.5342917352885173 3942 
5.105088062083414 4.319689898685965 1744 
5.105088062083414 5.105088062083414 333 
5.105088062083414 5.890486225480862 178 
5.890486225480862 0.39269908169872414 180 
5.890486225480862 1.1780972450961724 1078 
5.890486225480862 1.9634954084936207 2098 
5.890486225480862 2.748893571891069 2902 
5.890486225480862 3.5342917352885173 4592 
5.890486225480862 4.319689898685965 3455 
5.890486225480862 5.105088062083414 1057 
5.890486225480862 5.890486225480862 181 