0.39269908169872414 0.39269908169872414 622 
0.39269908169872414 1.1780972450961724 1045 
0.39269908169872414 1.9634954084936207 1744 
0.39269908169872414 2.748893571891069 1814 
0.39269908169872414 3.5342917352885173 1073 
0.39269908169872414 4.319689898685965 641 
0.39269908169872414 5.105088062083414 630 
0.39269908169872414 5.890486225480862 554 
1.1780972450961724 0.39269908169872414 493 
1.1780972450961724 1.1780972450961724 538 
1.1780972450961724 1.9634954084936207 1174 
1.1780972450961724 2.748893571891069 1729 
1.1780972450961724 3.5342917352885173 1864 
1.1780972450961724 4.319689898685965 1330 
1.1780972450961724 5.105088062083414 1040 
1.1780972450961724 5.890486225480862 960 
1.9634954084936207 0.39269908169872414 385 
1.9634954084936207 1.1780972450961724 125 
1.9634954084936207 1.9634954084936207 200 
1.9634954084936207 2.748893571891069 680 
1.9634954084936207 3.5342917352885173 1712 
1.9634954084936207 4.319689898685965 1774 
1.9634954084936207 5.105088062083414 1189 
1.9634954084936207 5.890486225480862 800 
2.748893571891069 0.39269908169872414 344 
2.748893571891069 1.1780972450961724 160 
2.748893571891069 1.9634954084936207 48 
2.748893571891069 2.748893571891069 67 
2.748893571891069 3.5342917352885173 203 
2.748893571891069 4.319689898685965 518 
2.748893571891069 5.105088062083414 788 
2.748893571891069 5.890486225480862 602 
3.5342917352885173 0.39269908169872414 457 
3.5342917352885173 1.1780972450961724 680 
3.5342917352885173 1.9634954084936207 488 
3.5342917352885173 2.748893571891069 173 
3.5342917352885173 3.5342917352885173 46 
3.5342917352885173 4.319689898685965 44 
3.5342917352885173 5.105088062083414 183 
3.5342917352885173 5.890486225480862 374 
4.319689898685965 0.39269908169872414 1038 
4.319689898685965 1.1780972450961724 1309 
4.319689898685965 1.9634954084936207 1568 
4.319689898685965 2.748893571891069 1646 
4.319689898685965 3.5342917352885173 827 
4.319689898685965 4.319689898685965 229 
4.319689898685965 5.105088062083414 140 
4.319689898685965 5.890486225480862 386 
5.105088062083414 0.39269908169872414 940 
5.105088062083414 1.1780972450961724 1123 
5.105088062083414 1.9634954084936207 1668 
5.105088062083414 2.748893571891069 2155 
5.105088062083414 3.5342917352885173 1851 
5.105088062083414 4.319689898685965 1098 
5.105088062083414 5.105088062083414 537 
5.105088062083414 5.890486225480862 576 
5.890486225480862 0.39269908169872414 393 
5.890486225480862 1.1780972450961724 698 
5.890486225480862 1.9634954084936207 660 
5.890486225480862 2.748893571891069 919 
5.890486225480862 3.5342917352885173 1632 
5.890486225480862 4.319689898685965 1519 
5.890486225480862 5.105088062083414 788 
5.890486225480862 5.890486225480862 407