0.39269908169872414 0.39269908169872414 979 
0.39269908169872414 1.1780972450961724 1614 
0.39269908169872414 1.9634954084936207 2714 
0.39269908169872414 2.748893571891069 2893 
0.39269908169872414 3.5342917352885173 1649 
0.39269908169872414 4.319689898685965 1023 
0.39269908169872414 5.105088062083414 994 
0.39269908169872414 5.890486225480862 862 
1.1780972450961724 0.39269908169872414 775 
1.1780972450961724 1.1780972450961724 820 
1.1780972450961724 1.9634954084936207 1861 
1.1780972450961724 2.748893571891069 2712 
1.1780972450961724 3.5342917352885173 2878 
1.1780972450961724 4.319689898685965 2041 
1.1780972450961724 5.105088062083414 1644 
1.1780972450961724 5.890486225480862 1526 
1.9634954084936207 0.39269908169872414 604 
1.9634954084936207 1.1780972450961724 197 
1.9634954084936207 1.9634954084936207 305 
1.9634954084936207 2.748893571891069 1094 
1.9634954084936207 3.5342917352885173 2613 
1.9634954084936207 4.319689898685965 2706 
1.9634954084936207 5.105088062083414 1819 
1.9634954084936207 5.890486225480862 1282 
2.748893571891069 0.39269908169872414 549 
2.748893571891069 1.1780972450961724 246 
2.748893571891069 1.9634954084936207 81 
2.748893571891069 2.748893571891069 96 
2.748893571891069 3.5342917352885173 307 
2.748893571891069 4.319689898685965 795 
2.748893571891069 5.105088062083414 1230 
2.748893571891069 5.890486225480862 926 
3.5342917352885173 0.39269908169872414 731 
3.5342917352885173 1.1780972450961724 1063 
3.5342917352885173 1.9634954084936207 764 
3.5342917352885173 2.748893571891069 271 
3.5342917352885173 3.5342917352885173 67 
3.5342917352885173 4.319689898685965 70 
3.5342917352885173 5.105088062083414 271 
3.5342917352885173 5.890486225480862 565 
4.319689898685965 0.39269908169872414 1609 
4.319689898685965 1.1780972450961724 2031 
4.319689898685965 1.9634954084936207 2432 
4.319689898685965 2.748893571891069 2583 
4.319689898685965 3.5342917352885173 1283 
4.319689898685965 4.319689898685965 345 
4.319689898685965 5.105088062083414 227 
4.319689898685965 5.890486225480862 613 
5.105088062083414 0.39269908169872414 1458 
5.105088062083414 1.1780972450961724 1723 
5.105088062083414 1.9634954084936207 2564 
5.105088062083414 2.748893571891069 3397 
5.105088062083414 3.5342917352885173 2983 
5.105088062083414 4.319689898685965 1719 
5.105088062083414 5.105088062083414 840 
5.105088062083414 5.890486225480862 892 
5.890486225480862 0.39269908169872414 647 
5.890486225480862 1.1780972450961724 1097 
5.890486225480862 1.9634954084936207 1012 
5.890486225480862 2.748893571891069 1430 
5.890486225480862 3.5342917352885173 2472 
5.890486225480862 4.319689898685965 2385 
5.890486225480862 5.105088062083414 1280 
5.890486225480862 5.890486225480862 604