0.39269908169872414 0.39269908169872414 257 
0.39269908169872414 1.1780972450961724 901 
0.39269908169872414 1.9634954084936207 2474 
0.39269908169872414 2.748893571891069 3935 
0.39269908169872414 3.5342917352885173 3375 
0.39269908169872414 4.319689898685965 2171 
0.39269908169872414 5.105088062083414 1018 
0.39269908169872414 5.890486225480862 199 
1.1780972450961724 0.39269908169872414 176 
1.1780972450961724 1.1780972450961724 347 
1.1780972450961724 1.9634954084936207 1304 
1.1780972450961724 2.748893571891069 2500 
1.1780972450961724 3.5342917352885173 2815 
1.1780972450961724 4.319689898685965 2092 
1.1780972450961724 5.105088062083414 1018 
1.1780972450961724 5.890486225480862 410 
1.9634954084936207 0.39269908169872414 42 
1.9634954084936207 1.1780972450961724 36 
1.9634954084936207 1.9634954084936207 394 
1.9634954084936207 2.748893571891069 1805 
1.9634954084936207 3.5342917352885173 1871 
1.9634954084936207 4.319689898685965 1821 
1.9634954084936207 5.105088062083414 970 
1.9634954084936207 5.890486225480862 236 
2.748893571891069 0.39269908169872414 81 
2.748893571891069 1.1780972450961724 93 
2.748893571891069 1.9634954084936207 242 
2.748893571891069 2.748893571891069 666 
2.748893571891069 3.5342917352885173 877 
2.748893571891069 4.319689898685965 745 
2.748893571891069 5.105088062083414 437 
2.748893571891069 5.890486225480862 136 
3.5342917352885173 0.39269908169872414 104 
3.5342917352885173 1.1780972450961724 506 
3.5342917352885173 1.9634954084936207 938 
3.5342917352885173 2.748893571891069 730 
3.5342917352885173 3.5342917352885173 711 
3.5342917352885173 4.319689898685965 284 
3.5342917352885173 5.105088062083414 83 
3.5342917352885173 5.890486225480862 77 
4.319689898685965 0.39269908169872414 245 
4.319689898685965 1.1780972450961724 1105 
4.319689898685965 1.9634954084936207 2529 
4.319689898685965 2.748893571891069 2615 
4.319689898685965 3.5342917352885173 1746 
4.319689898685965 4.319689898685965 473 
4.319689898685965 5.105088062083414 70 
4.319689898685965 5.890486225480862 42 
5.105088062083414 0.39269908169872414 439 
5.105088062083414 1.1780972450961724 1203 
5.105088062083414 1.9634954084936207 3190 
5.105088062083414 2.748893571891069 3879 
5.105088062083414 3.5342917352885173 4046 
5.105088062083414 4.319689898685965 1849 
5.105088062083414 5.105088062083414 329 
5.105088062083414 5.890486225480862 171 
5.890486225480862 0.39269908169872414 178 
5.890486225480862 1.1780972450961724 1106 
5.890486225480862 1.9634954084936207 1927 
5.890486225480862 2.748893571891069 2768 
5.890486225480862 3.5342917352885173 4767 
5.890486225480862 4.319689898685965 3698 
5.890486225480862 5.105088062083414 1109 
5.890486225480862 5.890486225480862 200