0.39269908169872414 0.39269908169872414 159 
0.39269908169872414 1.1780972450961724 574 
0.39269908169872414 1.9634954084936207 1593 
0.39269908169872414 2.748893571891069 2530 
0.39269908169872414 3.5342917352885173 2163 
0.39269908169872414 4.319689898685965 1392 
0.39269908169872414 5.105088062083414 647 
0.39269908169872414 5.890486225480862 130 
1.1780972450961724 0.39269908169872414 110 
1.1780972450961724 1.1780972450961724 228 
1.1780972450961724 1.9634954084936207 849 
1.1780972450961724 2.748893571891069 1594 
1.1780972450961724 3.5342917352885173 1836 
1.1780972450961724 4.319689898685965 1347 
1.1780972450961724 5.105088062083414 649 
1.1780972450961724 5.890486225480862 273 
1.9634954084936207 0.39269908169872414 22 
1.9634954084936207 1.1780972450961724 27 
1.9634954084936207 1.9634954084936207 242 
1.9634954084936207 2.748893571891069 1199 
1.9634954084936207 3.5342917352885173 1192 
1.9634954084936207 4.319689898685965 1174 
1.9634954084936207 5.105088062083414 613 
1.9634954084936207 5.890486225480862 154 
2.748893571891069 0.39269908169872414 55 
2.748893571891069 1.1780972450961724 67 
2.748893571891069 1.9634954084936207 155 
2.748893571891069 2.748893571891069 422 
2.748893571891069 3.5342917352885173 549 
2.748893571891069 4.319689898685965 478 
2.748893571891069 5.105088062083414 282 
2.748893571891069 5.890486225480862 84 
3.5342917352885173 0.39269908169872414 76 
3.5342917352885173 1.1780972450961724 333 
3.5342917352885173 1.9634954084936207 617 
3.5342917352885173 2.748893571891069 470 
3.5342917352885173 3.5342917352885173 431 
3.5342917352885173 4.319689898685965 172 
3.5342917352885173 5.105088062083414 51 
3.5342917352885173 5.890486225480862 52 
4.319689898685965 0.39269908169872414 149 
4.319689898685965 1.1780972450961724 725 
4.319689898685965 1.9634954084936207 1642 
4.319689898685965 2.748893571891069 1665 
4.319689898685965 3.5342917352885173 1136 
4.319689898685965 4.319689898685965 292 
4.319689898685965 5.105088062083414 45 
4.319689898685965 5.890486225480862 27 
5.105088062083414 0.39269908169872414 281 
5.105088062083414 1.1780972450961724 758 
5.105088062083414 1.9634954084936207 2091 
5.105088062083414 2.748893571891069 2499 
5.105088062083414 3.5342917352885173 2592 
5.105088062083414 4.319689898685965 1216 
5.105088062083414 5.105088062083414 220 
5.105088062083414 5.890486225480862 105 
5.890486225480862 0.39269908169872414 116 
5.890486225480862 1.1780972450961724 725 
5.890486225480862 1.9634954084936207 1274 
5.890486225480862 2.748893571891069 1750 
5.890486225480862 3.5342917352885173 3010 
5.890486225480862 4.319689898685965 2379 
5.890486225480862 5.105088062083414 705 
5.890486225480862 5.890486225480862 124