 #revent Q2 x W y Pe M xFm pT theta phiR_rad phiH_rad Ppip Ppim
198 1.2019709 0.0837762 3.7451019 0.7212880 2.9543467 1.6348308 0.0494171 0.4334653 2.4735939 3.3187763 6.0864719 2.8502235 1.2115662
396 1.6575069 0.2168457 2.6204126 0.3842730 6.5267064 0.3141395 0.6799041 0.5141978 2.7971651 0.9634967 3.3153260 2.0663676 1.4312257
428 2.3154052 0.1689649 3.5026304 0.6889155 3.2974959 0.6593292 0.4088939 0.4105397 2.7720735 5.9999166 3.9669048 2.7857528 1.2133158
800 2.8229722 0.2874756 2.8066439 0.4936749 5.3670463 1.7088056 0.1304349 0.4106830 1.7779959 5.4056748 0.3584365 3.1435776 1.0880482
1184 3.3857075 0.3499861 2.6774022 0.4863334 5.4448661 0.5339345 0.6474222 0.3606058 2.9832415 4.6586191 1.2749309 2.9463889 1.2723929
1265 4.4375212 0.2846174 3.4690073 0.7838164 2.2915464 0.7554409 0.5137249 0.4444718 2.8953798 5.3975401 2.8114312 3.6998621 1.8254528
1411 4.0826141 0.2559483 3.5705288 0.8019025 2.0998339 0.9844062 0.3160093 0.5523096 2.4361398 1.3592333 2.6006125 1.3442317 3.3618638
1456 3.0084461 0.2739062 2.9758020 0.5521737 4.7469589 1.1203850 0.1309302 0.4150519 2.2050267 0.9083643 2.7556110 1.5107954 1.6392205
1831 3.4454108 0.2192197 3.6265196 0.7901267 2.2246565 1.1036338 -0.0628272 0.5166011 1.7523513 2.8986279 4.8542282 1.8315647 1.0273479
1930 1.8149174 0.1186919 3.7889892 0.7687256 2.4515088 1.1567413 -0.0079028 0.3901847 1.1710643 6.2204743 0.0883714 1.7818547 1.0991149
2003 2.9719301 0.2631530 3.0334745 0.5677611 4.5817328 0.6541678 0.5126002 0.2885034 2.9425980 4.7829877 1.8364710 1.0710887 2.9432991
2108 4.3129612 0.3229813 3.1497598 0.6713261 3.4839432 1.5352985 0.5099125 0.0854411 3.0328189 0.8400633 4.0595101 2.5935331 3.7260223
2633 2.0569657 0.1592700 3.4261279 0.6492749 3.7176865 1.0636035 0.3189855 0.4197107 2.9260049 5.3167931 2.5203517 2.7820665 1.2204825
2675 7.3317121 0.6209633 2.3142256 0.5935740 4.3081155 0.8856642 -0.1633322 0.3320970 1.4723064 1.2186224 5.1519486 1.2853828 1.1528012
2722 2.8767792 0.4223148 2.1944263 0.3424567 6.9699590 0.8560740 0.5174997 0.2781634 2.5352009 4.7743570 4.1123001 1.7549117 1.4852965
2758 2.4481524 0.2630507 2.7819008 0.4678799 5.6404733 1.2950712 -0.1669429 0.4975151 1.6395185 0.2859819 2.3078095 1.3755169 1.1571154
2942 3.9680613 0.3956507 2.6346720 0.5041988 5.2554925 0.5013945 0.5094376 0.2017027 2.8371670 4.0496733 3.0919972 1.4914644 2.0047561
3100 2.0865479 0.2998028 2.3986541 0.3498872 6.8911953 0.7754786 0.3656556 0.4276523 2.3021703 5.2531485 4.6479992 1.2795076 1.3479215
3711 4.3470075 0.2697989 3.5560336 0.8100011 2.0139886 0.4740308 0.5319377 0.9067310 2.5953208 5.2944530 2.9896022 4.9218751 1.1495220
3795 6.7102087 0.5359157 2.5867281 0.6294699 3.9276190 0.5840073 0.0688893 0.4888189 2.0397889 5.8666870 3.8953919 1.4294523 1.0571225
3907 4.8426608 0.4925748 2.4226048 0.4942506 5.3609433 0.5666691 0.4150653 0.0493948 2.9528560 4.8301581 5.2968528 1.0536194 2.0474930
4117 4.2830439 0.3123847 3.2106247 0.6892840 3.2935895 0.7675546 0.0513243 0.7042671 1.9183752 0.7297570 5.4787841 1.7482720 1.1157106
4208 4.3059788 0.2739333 3.5062021 0.7902463 2.2233897 0.7732280 0.1705135 0.9825997 2.2617737 3.2493896 0.8247981 2.4156764 1.7258200
4337 3.1540484 0.2791268 3.0043307 0.5680704 4.5784533 0.4146546 0.3448952 0.5939260 2.4760747 4.6716914 3.0949236 1.1639089 1.9685096
4367 1.9939549 0.1287276 3.7915859 0.7787160 2.3456108 0.5340891 0.1632913 0.6511309 2.1909997 4.6584104 3.4260303 1.2932697 1.5520515
4387 1.3377453 0.0880049 3.8397162 0.7641914 2.4995710 1.0879343 0.4472145 0.5545737 2.6871558 1.8121793 3.6283204 2.1581412 3.1779290
4788 2.3798469 0.1557319 3.7124382 0.7682574 2.4564711 1.3705765 0.4316201 0.5051932 2.5518140 6.1458507 5.5173430 1.5554514 4.3003371
5010 2.5390957 0.2949905 2.6360275 0.4327195 6.0131731 0.9480754 0.3867542 0.4740924 2.8878848 2.0037973 4.8298456 2.3049665 1.0861820
5060 4.8717197 0.3359424 3.2419570 0.7290425 2.8721499 0.7813315 0.0385600 0.2557879 2.0032572 1.1097785 3.0240042 1.0102017 1.3318640
5348 3.1927327 0.3432726 2.6435749 0.4675831 5.6436192 0.2886552 0.4247655 0.6084283 2.5045759 3.6911179 2.6991303 1.8014739 1.2594168
5361 1.2977876 0.0816331 3.9345114 0.7992318 2.1281424 0.5480326 0.1639025 0.6874419 2.2331187 4.0294192 2.5060429 1.3316508 1.5951146
5661 2.1095374 0.1332955 3.8205808 0.7956226 2.1664003 0.7017459 0.3461790 0.4253066 2.6175872 5.6849044 4.3755735 1.9290971 2.1276987
6031 2.1866787 0.3054959 2.4189824 0.3598446 6.7856475 0.9916815 0.1765600 0.2562762 2.1560086 0.0442252 1.0961117 1.0843506 1.3161323
6244 5.9162063 0.4969740 2.6208027 0.5984736 4.2561793 0.7765978 -0.0394664 0.2476172 1.2485481 5.4210618 4.6186121 1.0706837 1.0463413
7252 2.4719889 0.2623631 2.7982814 0.4736735 5.5790609 0.4148324 0.4581746 0.4440251 2.6061209 1.8428871 2.4183644 1.3388140 1.7346719
8019 2.4067548 0.2078924 3.1702567 0.5820077 4.4307187 1.1114046 0.3956883 0.8313887 2.2554592 4.2385976 3.6238674 1.6610678 3.0031018
8008 2.3323962 0.2149736 3.0655581 0.5454471 4.8182606 0.3036112 0.5229269 0.8091457 2.5335034 2.3083151 2.9319708 1.5564577 2.5809319
8519 1.6341939 0.2730317 2.2872526 0.3009026 7.4104324 1.0506501 0.1494010 0.1871255 2.6021496 1.7502967 5.7574267 1.0460554 1.1433650
8526 2.8873447 0.2463258 3.1168350 0.5892833 4.3535965 0.7841380 0.4149122 0.7600382 2.3588767 0.6779015 1.4510283 1.5607868 2.6977642
8561 1.6879542 0.1509029 3.2215059 0.5623395 4.6392018 0.9268780 0.5290280 0.2606677 3.0584995 4.8428725 1.6390948 3.0882452 1.2682215
8598 1.6688400 0.1868491 2.8535938 0.4490131 5.8404615 0.5438252 0.7889455 0.4155390 2.8346155 5.0855700 4.0724306 1.5750516 2.9914279
8996 2.5369674 0.1906741 3.4130101 0.6688958 3.5097046 0.5944291 0.1496037 0.6209859 2.1341865 5.4760968 4.1571887 1.4169740 1.2212497
9479 4.6893030 0.3466315 3.1175729 0.6801046 3.3908913 0.3097332 0.2677988 0.6516377 2.3640676 0.6741481 3.0391350 1.1091418 2.0637056
9521 1.3630300 0.0905170 3.8177994 0.7570253 2.5755315 0.9904534 0.1473738 0.5699578 2.4540244 3.3049106 0.7623994 1.8240698 1.5245583
9990 4.2570191 0.4565300 2.4388657 0.4687828 5.6309023 0.7891348 0.3269876 0.3735437 2.2802744 5.0389819 5.6904658 1.8314504 1.3606306
10050 2.5527060 0.2269556 3.0943900 0.5654514 4.6062152 0.5738180 0.3341766 0.5251745 2.6269601 6.0234564 2.5434619 1.0715870 2.0434656
10533 2.0980238 0.1829877 3.2012052 0.5764000 4.4901596 0.7618187 0.4387274 0.8633216 2.6741443 3.5195986 0.7517045 2.9655019 1.3708519
10567 2.9902179 0.3081719 2.7555798 0.4878038 5.4292799 0.9713677 0.3923486 0.1171169 2.8397501 0.7736266 2.7155778 2.0787573 1.4576041
10986 1.8025260 0.1295925 3.6037500 0.6992574 3.1878714 0.5569749 0.1456700 0.6935293 2.0936527 4.5261999 3.5233907 1.3147083 1.3684049
11222 2.6098920 0.2096917 3.2736509 0.6257151 3.9674201 1.0660292 0.2978048 0.5173791 2.6623506 4.0568943 1.5204664 2.0293084 1.9405650
11882 3.8280757 0.2651879 3.3893379 0.7257084 2.9074904 0.7633681 0.1468983 0.3203333 2.6523392 5.1110743 2.3072933 1.7046841 1.0648447
11949 4.1490582 0.2707822 3.4718568 0.7703087 2.4347273 1.0623870 0.3831014 0.2636220 2.9880243 2.4688696 6.0968148 3.5509208 1.4098109
12275 2.8143248 0.3078572 2.6847136 0.4595792 5.7284610 0.6825803 0.5237302 0.6630343 2.5798530 5.8831862 4.0633919 2.2196114 1.6797476
12523 4.2531862 0.3408321 3.0176150 0.6273492 3.9500989 0.7536225 0.4824398 0.3016135 2.7969260 1.1998533 2.6974181 1.2384077 3.1718548
13004 1.8591286 0.2129442 2.7842086 0.4389136 5.9475156 1.3582912 0.4907588 0.4100086 3.0420058 5.4194005 2.2699188 2.3683006 1.9744198
13038 5.0460638 0.3310965 3.3278753 0.7661849 2.4784405 0.4723472 0.7762738 0.2115905 3.0504900 5.2211841 2.2211392 2.6957521 4.3572890
13223 2.4872781 0.2981357 2.5953513 0.4194167 6.1541825 0.4139738 0.4857744 0.4735213 2.6859554 5.2518433 3.3173539 1.5332611 1.4467790
13848 3.1628417 0.2138801 3.5363021 0.7434341 2.7195985 1.5689345 0.6609266 0.4487082 2.8823319 4.4632896 1.7267497 6.6478302 1.0161276
13923 3.3286861 0.2070431 3.6917378 0.8082532 2.0325165 0.9817324 0.6556083 0.6156393 2.8013859 0.8966373 3.5069529 1.0684975 6.1064718
14297 1.8967987 0.1444163 3.4810627 0.6602986 3.6008344 0.3608652 0.6276521 0.6536994 2.7045337 4.2120064 3.5336019 1.7945841 3.4530606
14312 1.5721733 0.1083455 3.7173803 0.7294992 2.8673088 0.3574878 0.3896858 0.5309514 2.6938500 0.0742030 3.9809618 1.9831897 1.7874543
14491 2.6616925 0.3879727 2.2537029 0.3448991 6.9440692 0.5129220 0.5189024 0.3225473 2.9390995 6.1358948 2.7211052 1.6738145 1.0664879
14615 6.8050960 0.4598245 2.9790251 0.7440078 2.7135172 1.0587634 0.2813914 0.1285583 2.9224338 0.8683186 3.3755232 3.3262175 1.2262778
14734 2.8763286 0.2404237 3.1571516 0.6014459 4.2246737 1.4984055 0.3366337 0.3430134 2.6086565 0.1036877 1.6103142 1.0631119 3.8032483
14905 5.4844460 0.5420508 2.3481620 0.5086607 5.2081965 0.9984054 0.1446421 0.6615587 1.8784474 1.2762437 0.0775191 2.1546329 1.5205835
15133 3.4820505 0.3434575 2.7452743 0.5096798 5.1973945 0.8193310 0.1844869 0.3344687 2.3838788 2.4090271 4.2431346 1.5824584 1.0555476
15166 3.7912344 0.3186370 2.9979002 0.5981633 4.2594688 1.5525086 -0.1963575 0.6382726 0.9448409 0.5550702 0.9066838 1.6438992 1.8314263
15511 5.1847809 0.3342695 3.3475893 0.7797745 2.3343900 0.3134877 0.2034292 0.9346632 2.1559283 3.1890130 2.1944024 1.5750731 2.1538673
15812 1.6569036 0.2315177 2.5258968 0.3597894 6.7862318 0.4995913 0.3583946 0.3109860 2.8622023 6.2629143 2.7407001 1.0203850 1.0791470
15929 6.2895698 0.4400083 2.9807701 0.7186136 2.9826963 1.0274661 0.3866642 0.6354583 2.6088295 4.2775498 0.3030959 4.1574228 1.2245882
15997 2.8886316 0.2308390 3.2411951 0.6290982 3.9315591 0.5564793 0.2348157 0.4518252 2.6148867 1.7410039 4.8984535 1.3020835 1.3960896
16313 4.9122604 0.4026587 2.8579115 0.6133095 4.0989191 0.9058887 0.0897497 0.3305988 2.4338990 1.7605569 4.7802862 1.6689233 1.1574091
16372 1.9095063 0.1296735 3.7008563 0.7402955 2.7528675 1.2857247 0.2623812 0.3830903 2.4009596 5.9972368 4.4400150 3.2923731 1.1282846
16458 2.2528032 0.2309592 2.8951114 0.4903695 5.4020836 0.8430447 0.4742710 0.5073114 2.6219011 4.7778685 3.0299972 2.4529369 1.3618173
16465 5.9771249 0.4069284 3.0970346 0.7384306 2.7726355 1.6676038 0.5205234 0.0959305 2.7537491 2.7888441 0.0089627 6.0634536 1.3110890
16487 2.1320689 0.2125777 2.9627495 0.5042187 5.2552815 0.6713121 0.6788141 0.7184612 2.8874508 5.3577657 2.2039701 3.6907564 1.1613163
16467 2.0580494 0.1344468 3.7589683 0.7695569 2.4426972 0.5343219 0.2183218 0.3501943 2.6476242 0.6729322 2.8508353 1.4233684 1.3037131
16754 3.5270153 0.3541999 2.7038926 0.5006039 5.2935983 0.5457061 0.5532465 0.0735947 3.0556701 5.9378271 2.3903843 2.1765531 1.5147114
16849 4.3708513 0.4461896 2.5110663 0.4924725 5.3797915 0.5441914 0.2588711 0.2178881 2.6643486 6.2457465 4.4019706 1.0118333 1.3430622
16864 2.1430205 0.1355838 3.8135554 0.7946096 2.1771380 0.7861848 0.2410954 0.4180912 2.5540469 0.8878494 2.7451873 1.3662913 2.1124507
16947 3.7818757 0.3643228 2.7347835 0.5218627 5.0682553 0.4511818 0.3127745 0.6728806 2.2490919 3.7582185 3.8285351 1.4669170 1.6047386
17300 2.2488232 0.1523609 3.6594226 0.7420226 2.7345608 1.1772744 0.6129663 0.1684553 2.8619319 4.9772507 2.7527613 4.9798188 1.3980166
17303 2.3789143 0.1957328 3.2642497 0.6110131 4.1232608 0.8441149 0.3410553 0.2952630 2.8688408 1.5990569 5.3601941 1.3889169 2.1276538
17436 4.5293759 0.3491188 3.0536398 0.6522296 3.6863664 0.7160362 0.2270924 0.4169201 2.5404677 5.7866357 3.0899658 1.1172812 2.0000891
17511 2.5190647 0.2846932 2.6850770 0.4448336 5.8847635 0.6597798 0.4807111 0.4901489 2.7949771 5.2896033 2.5061741 1.6254681 1.7591526
18583 2.3419993 0.3188478 2.4256033 0.3692655 6.6857852 0.7272414 0.5218814 0.4303808 2.5599509 3.6594448 2.6517361 1.4225179 1.7739996
18605 2.2038864 0.2026313 3.0907612 0.5467868 4.8040597 0.3478456 0.5040505 0.3385192 2.8490355 0.1553036 4.4491820 1.8597039 1.6367224
18744 1.6105024 0.1088568 3.7502727 0.7437746 2.7159889 0.6991891 0.4048251 0.3161380 2.8589852 5.8087850 3.7170634 1.1612597 2.9826404
18900 2.4045512 0.1513916 3.7892997 0.7984866 2.1360424 1.0881519 0.2605132 0.3206375 2.8136813 2.1361126 5.6130488 1.4636660 2.7166009
19028 1.4669536 0.0928561 3.9001984 0.7942213 2.1812543 0.5807841 0.3077155 0.5541512 2.6409714 6.0381596 3.8219395 2.3868199 1.3148277
19085 4.0328373 0.3953414 2.6548850 0.5128304 5.1639978 1.5160528 0.2249126 0.4079005 1.8650706 0.9119618 1.3500413 2.9165147 1.5626048
19229 2.8772770 0.1832179 3.7023243 0.7894947 2.2313562 0.7409732 0.0200090 0.7609458 1.8668459 4.7905899 3.3174517 1.6977452 1.0442295
19254 1.4708279 0.1004345 3.7488894 0.7362312 2.7959490 0.3237338 0.3337681 1.0493735 2.3707869 0.8897479 3.9985854 1.1851993 3.0687896
19362 7.8032321 0.5135586 2.8760315 0.7638708 2.5029689 1.0160271 -0.2721156 0.2867288 1.1910294 4.1405407 0.6075966 1.2296748 1.1255322