27 -0.46 -0.04 1.83 1.90 0.46 -0.19 -0.39 -0.01 0.45 0.43
60 0.12 -0.50 0.83 0.98 0.52 0.12 -0.47 1.04 1.16 0.49
80 -0.28 0.51 0.68 0.90 0.58 0.96 0.10 2.43 2.62 0.97
96 0.43 0.39 2.91 2.97 0.58 -0.37 0.34 1.76 1.84 0.50
169 0.82 0.02 1.16 1.43 0.82 -0.02 -0.45 0.86 0.99 0.45
181 0.05 -0.20 0.40 0.47 0.21 0.91 0.02 6.10 6.17 0.91
208 0.39 -0.28 1.07 1.18 0.48 -0.06 0.33 0.30 0.47 0.33
198 -0.52 0.35 2.78 2.85 0.63 0.55 -0.52 0.95 1.22 0.76
272 -0.06 0.50 0.43 0.68 0.50 0.15 -0.31 0.80 0.88 0.34
274 -0.58 -1.05 2.48 2.75 1.20 0.24 0.02 0.11 0.30 0.24
311 -0.39 0.23 2.50 2.55 0.46 0.21 -0.21 0.29 0.44 0.30
340 -0.33 -0.06 0.15 0.39 0.33 0.41 0.22 0.71 0.86 0.46
346 -0.00 0.45 0.75 0.89 0.45 0.09 -0.19 0.21 0.33 0.21
361 0.23 -0.17 1.68 1.71 0.29 0.07 0.30 0.37 0.50 0.31
358 0.16 0.33 1.96 1.99 0.37 -0.18 -0.14 0.21 0.34 0.23
384 0.22 0.34 1.56 1.62 0.41 0.81 -0.44 3.06 3.20 0.93
419 0.31 -0.06 0.02 0.34 0.31 -0.22 0.32 0.34 0.53 0.39
396 0.73 0.10 1.93 2.07 0.74 0.55 0.17 1.31 1.44 0.58
428 -0.24 -0.29 2.76 2.79 0.38 -0.47 -0.03 1.12 1.22 0.47
437 -0.09 -0.01 0.75 0.76 0.09 0.42 -0.28 1.15 1.26 0.50
440 -0.41 0.35 1.11 1.24 0.54 -0.17 -0.58 0.45 0.77 0.61
474 -0.01 -0.47 2.00 2.06 0.47 0.19 0.31 0.17 0.42 0.36
502 -0.06 -0.38 0.13 0.43 0.38 0.62 0.19 3.20 3.27 0.65
506 -0.41 -0.36 3.99 4.03 0.54 0.13 0.34 0.55 0.68 0.36
536 0.07 0.19 0.51 0.57 0.20 -0.32 0.20 0.89 0.98 0.38
582 0.12 0.19 1.51 1.54 0.22 -0.31 0.31 0.70 0.84 0.44
598 0.28 -0.00 1.61 1.64 0.28 -0.08 -0.50 0.21 0.56 0.50
663 0.30 0.08 0.83 0.89 0.31 -0.11 -0.45 0.37 0.61 0.47
686 0.65 -0.34 1.28 1.48 0.73 -0.13 0.34 0.64 0.75 0.37
774 0.13 0.55 0.42 0.72 0.57 -0.36 0.13 0.44 0.60 0.38
787 -0.42 -0.24 0.02 0.51 0.49 0.31 0.18 0.82 0.91 0.36
800 0.41 -0.19 3.11 3.15 0.45 -0.79 -0.11 0.74 1.10 0.79
804 0.26 0.06 0.46 0.55 0.27 -0.25 0.37 0.21 0.52 0.45
824 -0.27 -0.14 0.79 0.86 0.30 -0.95 -0.04 3.69 3.82 0.95
835 0.22 0.27 0.25 0.45 0.34 0.68 0.04 1.87 2.00 0.68
938 0.20 0.08 0.73 0.78 0.22 -0.43 -0.85 1.19 1.54 0.96
912 -0.24 -0.19 0.38 0.51 0.31 0.21 0.06 0.11 0.28 0.22
950 -0.01 0.27 1.06 1.10 0.27 -0.14 -0.49 0.11 0.54 0.51
995 -0.34 0.09 1.48 1.53 0.35 -0.05 -0.75 0.58 0.96 0.75
991 -0.02 -0.23 1.67 1.69 0.24 -0.42 -0.31 1.81 1.88 0.52
990 -0.34 -0.03 0.61 0.71 0.34 -0.07 -0.42 1.49 1.55 0.43
985 0.15 0.30 0.62 0.72 0.34 0.07 0.37 0.51 0.65 0.38
1031 0.15 0.09 0.66 0.69 0.17 -0.40 -0.25 1.68 1.76 0.47
1014 0.22 -0.14 1.17 1.21 0.26 0.18 -0.37 0.48 0.64 0.41
1044 -0.01 -0.10 0.80 0.82 0.10 0.26 -0.37 0.56 0.74 0.45
1130 0.14 -0.76 1.29 1.50 0.77 -0.29 -0.35 0.61 0.77 0.45
1184 -0.64 -0.01 2.87 2.95 0.64 -0.28 0.28 1.21 1.28 0.40
1113 0.19 -0.32 2.23 2.26 0.37 0.59 -0.39 0.97 1.21 0.71
1225 -0.40 0.28 0.48 0.70 0.49 0.03 -0.68 0.54 0.88 0.68
1219 -0.07 -0.47 0.76 0.90 0.47 -0.52 0.26 0.58 0.83 0.58
1217 -0.27 0.03 0.43 0.53 0.27 -0.19 0.41 0.52 0.70 0.45
1265 -0.31 0.41 3.66 3.70 0.51 0.10 0.61 1.72 1.83 0.62
1272 0.07 -0.26 0.08 0.31 0.27 -0.16 0.40 0.89 1.00 0.43
1280 -0.09 0.36 0.73 0.83 0.37 -0.53 -0.13 1.67 1.76 0.55
1310 -0.50 0.03 2.07 2.13 0.50 0.15 0.21 0.12 0.32 0.26
1339 -0.28 -0.25 2.12 2.16 0.38 -0.18 0.56 0.72 0.94 0.59
1364 0.43 0.18 0.67 0.83 0.47 -0.20 -0.46 0.51 0.73 0.50
1384 0.24 -0.04 1.02 1.05 0.24 0.44 -0.19 0.60 0.78 0.48
1453 0.34 0.15 0.25 0.47 0.37 -0.20 0.13 0.02 0.28 0.24
1411 0.38 0.35 1.24 1.35 0.52 -0.49 0.61 3.27 3.36 0.79
1456 0.46 -0.23 1.42 1.52 0.52 0.26 0.84 1.38 1.65 0.88
1446 -0.00 0.23 1.47 1.49 0.23 0.43 -0.31 0.53 0.77 0.53
1470 -0.34 0.16 0.83 0.92 0.37 0.20 0.21 0.22 0.39 0.29
1497 -0.11 0.11 0.44 0.49 0.16 0.66 -0.30 0.62 0.96 0.72
1488 0.10 -0.72 2.86 2.96 0.72 0.32 -0.32 1.16 1.25 0.46
1553 0.01 0.24 -0.03 0.28 0.24 -0.74 0.33 2.26 2.40 0.81
1605 0.03 0.15 0.94 0.96 0.15 -0.05 -0.28 0.19 0.37 0.28
1618 -0.33 0.11 0.36 0.52 0.34 0.31 0.02 0.16 0.37 0.31
1635 -0.15 -0.57 1.15 1.30 0.59 -0.06 -0.50 0.65 0.84 0.50
1596 0.25 0.06 1.86 1.88 0.26 -0.15 -0.17 0.14 0.30 0.23
1652 0.19 -0.25 0.58 0.67 0.31 -0.19 -0.30 0.31 0.49 0.35
1649 -0.21 -0.28 2.26 2.29 0.35 -0.01 0.33 0.58 0.68 0.33
1703 0.25 0.05 1.02 1.06 0.25 -0.02 0.53 0.26 0.61 0.53
1714 -0.25 -0.33 0.27 0.52 0.42 -0.17 0.49 0.27 0.60 0.52
1815 -0.32 -0.15 0.02 0.39 0.36 -0.33 0.26 0.46 0.64 0.42
1831 -0.55 -0.34 1.71 1.84 0.64 0.49 -0.20 0.88 1.04 0.53
1876 0.46 -0.26 1.37 1.48 0.53 -0.34 -0.11 0.33 0.51 0.36
1859 0.08 0.24 0.28 0.40 0.26 -0.77 -0.27 2.32 2.46 0.81
1854 0.05 -0.18 1.03 1.06 0.18 -0.50 -0.25 1.75 1.84 0.55
1930 0.38 0.53 1.66 1.79 0.66 -0.31 -0.36 0.99 1.11 0.48
2000 0.46 -0.66 1.30 1.53 0.81 0.20 0.03 -0.02 0.25 0.21
2003 0.25 -0.09 1.04 1.08 0.26 -0.13 -0.74 2.85 2.95 0.75
2026 0.10 0.17 0.40 0.47 0.20 0.47 0.09 0.54 0.73 0.48
2009 1.10 -0.10 4.71 4.84 1.10 -0.27 0.38 0.61 0.78 0.46
2006 0.29 -0.38 0.20 0.54 0.48 -0.18 0.39 0.70 0.83 0.43
2031 -0.51 0.15 1.88 1.96 0.53 0.15 0.47 0.10 0.52 0.49
2108 -0.52 0.07 2.54 2.60 0.53 0.60 -1.09 3.51 3.73 1.25
2103 0.04 0.33 1.56 1.60 0.34 -0.22 -0.30 0.46 0.61 0.37
2113 0.09 -0.29 1.72 1.75 0.31 -0.40 0.04 0.42 0.60 0.40
2133 -0.34 -0.07 0.22 0.44 0.35 -0.40 -0.55 1.63 1.77 0.68
2132 -0.71 0.20 1.60 1.76 0.74 0.41 0.40 1.00 1.16 0.57
2162 -0.25 0.21 1.53 1.57 0.33 0.38 0.13 0.71 0.83 0.40
2175 0.08 -0.49 2.22 2.28 0.50 -0.21 -0.27 0.02 0.37 0.34
2201 -0.20 0.19 0.31 0.44 0.28 -0.49 -0.00 1.18 1.29 0.49
2223 0.01 -0.11 0.95 0.97 0.11 0.34 -0.04 0.11 0.39 0.35
2218 -0.22 -0.49 4.61 4.64 0.54 -0.14 -0.09 0.16 0.27 0.17
2225 0.58 -0.17 2.49 2.56 0.60 0.20 -0.07 0.23 0.34 0.21
2246 -0.63 -0.36 0.73 1.04 0.73 0.20 0.48 2.30 2.36 0.52
2344 0.44 0.40 3.56 3.61 0.59 -0.09 -0.55 0.52 0.78 0.56
2371 0.47 -0.09 2.32 2.37 0.48 0.51 -0.10 0.60 0.81 0.52
2446 0.28 0.16 0.75 0.83 0.32 0.36 -0.50 2.09 2.18 0.62
2460 -0.26 0.19 0.80 0.88 0.32 0.33 0.63 5.54 5.59 0.71
2469 0.10 -0.37 1.32 1.39 0.39 -0.09 0.23 0.23 0.37 0.25
2482 -0.61 0.28 1.55 1.70 0.67 -0.33 0.11 0.47 0.60 0.35
2584 0.50 -0.07 2.06 2.13 0.51 -0.38 0.29 0.27 0.57 0.48
2623 0.12 0.19 0.61 0.66 0.22 -0.21 0.20 0.33 0.46 0.29
2602 0.14 -0.27 1.55 1.59 0.31 0.45 0.18 0.52 0.73 0.48
2603 0.40 0.12 0.61 0.75 0.42 0.24 0.08 0.18 0.34 0.26
2633 0.10 -0.36 2.76 2.79 0.37 -0.59 -0.32 1.02 1.23 0.67
2675 0.24 -0.09 1.26 1.29 0.25 -0.17 0.60 0.97 1.16 0.62
2709 -0.16 0.27 0.51 0.62 0.31 0.04 0.30 0.84 0.90 0.30
2716 0.27 -0.07 0.35 0.47 0.28 -0.08 -0.47 1.82 1.89 0.48
2722 -0.75 0.33 1.55 1.76 0.82 0.00 0.66 1.33 1.49 0.66
2758 -0.35 0.20 1.32 1.38 0.40 -0.16 -0.91 0.70 1.17 0.92
2811 0.19 0.11 0.74 0.79 0.22 0.50 -0.18 1.61 1.70 0.53
2829 -0.12 0.25 1.18 1.22 0.28 0.38 0.56 1.73 1.86 0.68
2782 0.02 0.24 1.03 1.07 0.24 -0.48 0.38 0.31 0.69 0.61
2833 -0.27 0.09 0.52 0.61 0.29 -0.57 0.18 1.51 1.63 0.60
2864 0.11 0.15 0.51 0.56 0.18 -0.22 -0.60 1.64 1.77 0.64
2859 0.01 -0.46 1.05 1.15 0.46 -0.19 0.27 0.50 0.61 0.33
2891 -0.20 -0.01 0.83 0.87 0.20 0.15 0.39 0.65 0.79 0.41
2884 -0.13 0.33 2.09 2.13 0.36 -0.28 0.38 0.07 0.50 0.47
2950 1.13 -0.26 3.68 3.86 1.16 0.00 0.35 0.50 0.62 0.35
2942 0.58 0.03 1.37 1.50 0.58 0.43 -0.27 1.94 2.01 0.51
2972 -0.30 0.39 3.67 3.70 0.49 -0.15 -0.46 0.75 0.91 0.48
2961 0.01 -0.35 1.92 1.96 0.35 -0.38 -0.04 0.02 0.41 0.39
3017 0.28 0.24 3.67 3.69 0.37 -0.41 -0.12 1.13 1.22 0.43
3019 -0.15 0.81 2.23 2.38 0.82 0.23 0.24 0.23 0.42 0.33
3034 0.29 0.13 0.36 0.50 0.32 -0.33 0.48 2.35 2.42 0.59
3055 -0.04 -0.19 0.58 0.62 0.19 -0.73 0.09 2.37 2.49 0.74
3059 0.09 -0.11 0.53 0.57 0.15 -0.08 0.41 0.48 0.65 0.42
3092 -0.11 0.16 0.05 0.25 0.20 -0.38 0.28 1.06 1.17 0.47
3094 0.27 -0.13 0.88 0.94 0.30 -0.13 -0.03 0.18 0.26 0.14
3100 -0.12 -0.53 1.16 1.29 0.54 -0.58 0.02 1.21 1.36 0.58
3091 0.26 -0.82 3.30 3.41 0.86 -0.15 0.46 1.08 1.19 0.48
3132 -0.57 -0.05 0.60 0.83 0.57 0.39 0.03 0.63 0.76 0.39
3137 0.11 -0.23 -0.00 0.29 0.25 0.27 -0.25 0.55 0.68 0.36
3180 0.36 -0.24 0.65 0.79 0.43 -0.08 -0.19 0.12 0.28 0.21
3202 -0.16 -0.12 0.76 0.79 0.20 0.47 -0.04 0.00 0.50 0.48
3267 -0.03 -0.25 1.45 1.48 0.26 0.24 0.50 2.64 2.70 0.55
3271 0.37 0.06 0.40 0.57 0.38 -0.38 -0.25 1.37 1.44 0.45
3268 0.06 0.20 0.48 0.54 0.21 0.35 0.10 0.27 0.47 0.36
3331 -0.67 -0.13 3.36 3.43 0.68 -0.13 0.20 0.56 0.63 0.23
3378 -0.28 -0.37 0.56 0.74 0.46 -0.36 -0.03 -0.02 0.38 0.36
3373 -0.16 0.28 0.33 0.48 0.32 0.66 -0.41 2.27 2.41 0.78
3439 -0.14 0.13 0.79 0.82 0.19 0.18 -0.17 -0.01 0.28 0.25
3468 -0.11 -0.08 0.73 0.76 0.14 0.35 -0.49 1.71 1.82 0.60
3470 -0.55 -0.01 1.17 1.29 0.55 0.24 -0.15 0.31 0.44 0.28
3531 0.19 0.08 0.11 0.27 0.21 0.26 0.49 1.43 1.54 0.56
3542 0.12 -0.31 2.78 2.80 0.33 -0.17 0.12 0.22 0.33 0.21
3547 3.88 1.36 13.18 13.81 4.11 -0.30 0.23 0.78 0.88 0.38
3538 -0.44 -0.02 1.76 1.82 0.44 -0.08 -0.78 1.90 2.06 0.79
3560 0.85 -0.06 1.89 2.08 0.85 -0.27 -0.22 0.22 0.44 0.35
3584 0.32 -0.08 0.14 0.38 0.33 -0.02 0.64 1.42 1.57 0.64
3595 -0.22 0.06 0.22 0.34 0.22 -0.47 0.20 0.76 0.93 0.51
3635 0.62 0.01 1.97 2.07 0.62 -0.19 -0.31 0.64 0.75 0.36
3574 0.41 -0.37 1.60 1.70 0.55 -0.05 0.39 0.97 1.06 0.39
3698 0.17 -0.36 0.48 0.63 0.39 -0.04 -0.33 0.36 0.51 0.34
3711 0.02 -1.14 4.79 4.92 1.14 -0.12 -0.35 1.09 1.16 0.37
3726 -0.35 0.09 3.94 3.96 0.36 -0.23 -0.18 0.09 0.33 0.29
3747 0.11 0.05 0.96 0.98 0.12 -0.22 0.44 0.62 0.80 0.49
3771 0.27 -0.27 1.41 1.47 0.39 -0.55 0.72 3.41 3.53 0.90
3795 0.19 -0.36 1.37 1.44 0.40 -0.14 -0.57 0.88 1.07 0.59
3813 0.37 -0.26 0.34 0.58 0.45 0.29 -0.98 2.32 2.54 1.02
3851 -0.36 0.03 0.88 0.96 0.36 0.37 0.65 4.88 4.94 0.74
3881 -0.31 0.25 1.76 1.81 0.40 -0.07 0.32 0.25 0.43 0.32
3889 0.20 -0.02 0.49 0.54 0.20 0.44 -0.57 0.69 1.00 0.72
3939 0.17 0.40 3.04 3.08 0.44 -0.55 -0.08 0.21 0.61 0.55
3907 -0.34 -0.06 1.00 1.06 0.34 -0.35 0.49 1.96 2.05 0.60
3909 -0.11 -0.16 1.48 1.50 0.19 -0.62 -0.30 0.66 0.96 0.69
3954 0.11 -0.04 0.91 0.93 0.11 0.30 -0.02 0.30 0.45 0.30
3950 -0.18 0.11 0.58 0.63 0.22 0.30 0.10 0.30 0.46 0.32
3967 -0.32 -0.00 0.10 0.36 0.32 0.31 -0.19 0.41 0.57 0.37
3978 -0.06 -0.17 0.78 0.82 0.18 0.32 -0.34 0.40 0.63 0.47
3953 -0.02 0.17 0.46 0.51 0.17 -0.30 -0.16 0.67 0.77 0.34
4005 -0.05 0.98 1.89 2.13 0.98 -0.06 0.21 0.02 0.26 0.22
3992 -0.05 -0.15 0.94 0.96 0.16 0.29 0.26 0.44 0.60 0.39
4025 -0.33 0.10 0.33 0.50 0.35 -0.37 0.15 0.77 0.88 0.40
3996 0.02 -0.30 1.20 1.24 0.30 -0.00 -0.35 0.39 0.54 0.35
4048 -0.21 0.25 0.47 0.59 0.32 0.22 0.01 -0.16 0.31 0.22
4076 0.12 -0.08 0.67 0.70 0.14 -0.43 0.42 2.16 2.25 0.60
4060 -0.46 -0.03 0.79 0.93 0.46 0.08 -0.40 0.69 0.81 0.40
4073 0.21 0.20 0.78 0.84 0.29 -0.14 0.35 0.43 0.59 0.38
4118 0.75 -0.74 5.64 5.74 1.06 -0.25 0.31 0.58 0.72 0.40
4117 -0.21 -0.23 1.72 1.75 0.31 -0.27 0.40 1.01 1.12 0.48
4148 -0.22 0.12 0.07 0.30 0.25 -0.06 -0.40 0.81 0.92 0.41
4167 -0.12 -0.58 1.07 1.23 0.59 0.40 0.19 0.78 0.91 0.45
4209 0.09 -0.34 0.95 1.03 0.36 -0.28 0.36 0.94 1.06 0.46
4208 0.39 0.19 2.38 2.42 0.44 0.32 -0.47 1.63 1.73 0.56
4232 0.08 0.36 0.41 0.57 0.37 -0.38 -0.08 0.88 0.97 0.39
4284 0.01 0.50 1.67 1.75 0.50 0.31 -0.35 0.46 0.67 0.47
4269 0.07 0.59 2.10 2.19 0.59 0.21 0.14 0.29 0.41 0.25
4288 -0.02 -0.29 0.35 0.48 0.29 0.37 -0.20 0.35 0.57 0.42
4267 -0.09 0.20 0.48 0.55 0.22 0.22 -0.30 1.24 1.30 0.38
4301 -0.19 0.18 0.54 0.61 0.26 0.29 0.09 0.30 0.45 0.30
4338 0.21 -0.02 1.66 1.67 0.21 0.25 0.59 3.29 3.36 0.64
4337 0.43 -0.14 1.07 1.17 0.45 0.50 -0.54 1.83 1.97 0.73
4367 0.20 -0.46 1.19 1.30 0.50 -0.24 -0.40 1.48 1.56 0.46
4397 -0.43 0.12 3.68 3.71 0.44 -0.14 -0.24 0.36 0.47 0.28
4386 0.49 0.03 3.35 3.38 0.49 0.17 0.55 2.47 2.54 0.58
4387 0.55 0.26 2.07 2.16 0.61 -0.44 0.62 3.09 3.18 0.76
4451 -0.24 -0.29 1.57 1.62 0.37 0.50 -0.18 0.26 0.60 0.53
4484 -0.47 -0.82 3.32 3.46 0.95 -0.03 0.27 0.08 0.32 0.27
4507 0.31 -0.26 0.39 0.58 0.40 0.45 0.17 0.48 0.69 0.48
4526 0.29 -0.31 1.23 1.31 0.42 0.04 -0.39 0.77 0.87 0.39
4538 0.10 -0.30 0.92 0.99 0.32 0.18 0.66 0.88 1.12 0.69
4574 0.18 0.17 1.09 1.13 0.24 0.31 0.07 0.30 0.46 0.32
4665 0.64 -0.24 4.55 4.60 0.69 0.38 0.21 0.66 0.80 0.43
4670 -0.22 -0.09 0.19 0.34 0.24 0.69 -0.51 1.81 2.01 0.86
4667 -0.14 -0.09 1.33 1.35 0.17 0.48 0.42 1.24 1.40 0.64
4726 0.15 -0.40 0.18 0.48 0.42 -0.34 -0.01 0.59 0.69 0.34
4745 0.26 0.58 1.48 1.62 0.64 -0.26 -0.40 0.40 0.64 0.48
4751 0.50 0.02 0.52 0.73 0.50 0.36 -0.25 0.44 0.64 0.44
4732 -0.10 -0.01 0.61 0.63 0.10 -0.25 0.47 1.31 1.42 0.53
4801 0.12 0.51 0.97 1.11 0.52 -0.14 -0.17 0.04 0.27 0.22
4788 -0.51 0.26 1.45 1.56 0.57 0.70 0.07 4.24 4.30 0.71
4731 -0.41 -0.02 0.81 0.92 0.41 -0.11 0.39 0.72 0.83 0.40
4857 -0.17 -0.28 0.21 0.41 0.33 0.58 -0.09 0.67 0.90 0.59
4864 -0.08 0.44 4.20 4.22 0.45 -0.32 0.23 0.23 0.48 0.40
4892 0.24 0.54 1.96 2.05 0.59 0.45 0.03 0.51 0.69 0.45
4927 0.19 0.15 1.67 1.69 0.24 0.29 -0.14 0.12 0.37 0.32
4984 0.11 -0.29 1.86 1.89 0.31 0.23 0.34 0.50 0.66 0.41
5005 -0.40 0.24 1.03 1.13 0.46 -0.31 -0.34 0.44 0.65 0.46
5010 -0.69 0.11 2.20 2.31 0.70 -0.09 -0.52 0.95 1.10 0.52
5038 -0.27 -0.16 1.32 1.36 0.31 0.58 -2.10 3.04 3.74 2.18
5021 0.25 0.09 0.80 0.85 0.26 0.06 0.45 1.44 1.51 0.45
5060 0.13 -0.32 0.95 1.02 0.35 0.43 0.37 1.20 1.34 0.57
5096 -0.08 0.17 0.50 0.56 0.19 -0.01 0.17 0.26 0.34 0.17
5150 -0.29 0.11 0.67 0.75 0.31 -0.12 -0.60 0.70 0.94 0.61
5190 0.17 -0.46 0.05 0.51 0.49 0.40 -0.21 0.91 1.03 0.46
5223 -0.60 0.15 1.18 1.34 0.62 -0.17 0.27 0.22 0.41 0.32
5226 0.27 0.24 0.22 0.44 0.36 0.57 0.83 0.66 1.21 1.01
5219 -0.49 0.75 2.85 2.99 0.90 -0.31 0.18 0.08 0.39 0.36
5236 -0.17 0.15 0.39 0.47 0.23 -0.29 0.54 2.17 2.26 0.61
5348 -0.24 0.74 1.62 1.81 0.78 -0.13 0.50 1.15 1.27 0.52
5382 -0.27 -0.01 0.24 0.39 0.27 0.18 0.18 0.29 0.41 0.25
5361 0.44 0.17 1.24 1.34 0.47 0.37 -0.29 1.52 1.60 0.47
5388 -0.43 -0.50 0.64 0.93 0.66 0.51 -0.46 1.91 2.03 0.68
5392 0.04 -0.23 -0.04 0.27 0.23 -0.11 0.20 0.16 0.31 0.22
5373 0.38 -0.00 1.51 1.56 0.38 -0.17 0.15 0.58 0.64 0.23
5381 0.47 0.03 0.61 0.79 0.47 -0.53 0.06 0.99 1.13 0.54
5411 -0.06 0.33 0.33 0.49 0.33 0.31 -0.24 0.10 0.43 0.39
5417 0.05 -0.38 0.54 0.68 0.38 0.53 0.73 4.86 4.95 0.90
5478 -0.06 0.19 1.11 1.13 0.20 0.34 0.02 0.21 0.42 0.34
5481 -0.22 -0.07 1.09 1.12 0.23 0.74 0.37 1.87 2.05 0.83
5558 -0.09 0.13 0.89 0.92 0.16 0.73 0.18 3.25 3.34 0.75
5545 -0.32 0.12 1.18 1.24 0.35 0.86 -0.17 0.97 1.32 0.87
5586 0.16 -0.36 0.91 1.00 0.39 0.50 0.06 0.49 0.71 0.50
5595 -0.13 -0.29 0.34 0.48 0.32 0.29 1.02 6.73 6.82 1.06
5603 -0.01 0.28 0.66 0.73 0.28 -0.25 0.31 1.25 1.32 0.40
5619 0.28 -0.17 2.18 2.21 0.33 0.19 0.19 0.26 0.40 0.27
5627 0.18 0.08 1.43 1.45 0.20 -0.28 0.36 0.55 0.73 0.45
5661 -0.37 0.03 1.89 1.93 0.38 0.08 0.49 2.07 2.13 0.50
5669 1.16 0.04 3.54 3.73 1.16 -0.12 0.32 0.63 0.73 0.34
5676 0.10 -0.39 1.21 1.28 0.41 -0.45 -0.12 0.91 1.03 0.46
5711 -0.18 -0.38 0.81 0.92 0.42 0.25 -0.27 0.31 0.50 0.37
5717 0.16 -0.08 1.75 1.77 0.18 0.16 -0.16 0.06 0.27 0.23
5737 -0.36 0.05 0.87 0.96 0.37 0.25 0.40 1.36 1.45 0.47
5763 -0.03 -0.31 1.49 1.53 0.31 -0.33 0.46 0.64 0.86 0.56
5802 -0.13 0.19 0.12 0.29 0.23 -0.18 -0.64 0.58 0.90 0.67
5769 -0.23 -0.07 1.36 1.39 0.24 -0.15 0.37 0.86 0.95 0.40
5835 0.05 -0.24 0.38 0.48 0.25 0.31 -0.13 0.51 0.62 0.34
5859 -0.24 0.33 0.63 0.77 0.41 -0.32 -0.19 0.08 0.40 0.37
5901 -0.17 -0.32 0.68 0.79 0.36 0.08 -0.65 1.12 1.30 0.66
5998 -0.20 -0.10 1.20 1.23 0.23 0.24 -0.04 0.11 0.30 0.24
6014 0.11 0.17 1.35 1.37 0.20 0.04 -0.26 0.09 0.31 0.26
6002 -0.39 0.11 0.55 0.70 0.40 -0.28 -0.28 1.16 1.24 0.40
6031 -0.05 0.26 1.05 1.09 0.26 -0.32 -0.68 1.08 1.32 0.76
6103 0.37 0.55 3.34 3.41 0.66 0.24 -0.19 0.35 0.49 0.31
6087 -0.05 0.22 0.45 0.52 0.22 -0.16 -0.59 2.66 2.73 0.61
6075 -0.15 0.05 1.05 1.07 0.16 -0.36 -0.23 0.91 1.01 0.43
6122 0.41 0.03 0.80 0.91 0.41 -0.78 -0.14 4.98 5.05 0.79
6147 0.20 0.39 0.56 0.72 0.44 0.13 -0.37 0.90 0.99 0.39
6180 0.24 -0.16 1.19 1.23 0.28 0.28 -0.25 0.83 0.92 0.38
6218 0.09 0.93 1.29 1.60 0.93 0.20 0.06 0.16 0.30 0.21
6234 0.68 0.13 2.13 2.24 0.69 0.09 0.40 0.48 0.64 0.41
6225 0.26 0.07 0.64 0.71 0.27 -0.51 -0.11 0.90 1.06 0.52
6202 -0.19 -0.39 1.50 1.57 0.43 -0.45 -0.18 0.89 1.02 0.48
6244 0.40 -0.05 0.99 1.08 0.40 -0.21 -0.44 0.93 1.06 0.49
6266 -0.01 0.21 1.14 1.17 0.21 0.39 -0.17 1.25 1.33 0.43
6304 -0.27 -0.16 1.92 1.95 0.31 0.36 0.25 0.42 0.62 0.44
6308 -0.29 0.76 5.58 5.64 0.81 0.34 -0.12 0.21 0.44 0.36
6318 -0.33 -0.23 0.75 0.86 0.40 -0.15 0.38 0.63 0.77 0.41
6347 -0.40 -0.02 0.09 0.43 0.40 -0.49 -0.35 1.11 1.27 0.60
6451 0.03 0.28 1.10 1.14 0.28 -0.02 0.34 0.14 0.39 0.34
6444 -0.41 -0.19 0.82 0.95 0.45 -0.49 -0.32 1.22 1.36 0.58
6507 0.20 0.49 2.33 2.39 0.53 -0.13 -0.22 0.27 0.39 0.25
6532 -0.36 -0.01 0.65 0.76 0.36 0.32 -0.12 0.19 0.41 0.34
6582 -0.03 -0.37 0.53 0.67 0.38 0.09 -0.49 0.43 0.67 0.50
6607 -0.29 0.10 0.22 0.40 0.31 0.94 -0.15 2.94 3.09 0.95
6598 -0.07 -0.21 0.99 1.03 0.22 0.23 0.34 0.27 0.51 0.41
6681 0.15 0.29 0.49 0.61 0.33 -0.46 -0.24 1.23 1.34 0.51
6689 0.23 0.51 1.99 2.07 0.56 0.29 -0.25 0.58 0.71 0.38
6743 -0.89 0.18 1.01 1.37 0.91 0.00 0.35 0.84 0.92 0.35
6725 0.25 -0.73 2.77 2.88 0.77 -0.28 0.94 3.59 3.72 0.98
6729 0.01 -0.56 1.44 1.55 0.56 -0.23 -0.28 0.80 0.89 0.36
6790 0.57 0.01 1.38 1.50 0.57 -0.33 0.33 0.16 0.52 0.47
6803 0.09 0.01 0.83 0.84 0.10 0.23 -0.41 0.67 0.82 0.47
6814 -0.34 0.09 1.97 2.01 0.35 0.18 0.02 0.07 0.24 0.18
6818 -0.27 -0.08 0.93 0.98 0.29 -0.50 -0.36 1.08 1.25 0.62
6800 0.19 0.18 0.97 1.02 0.26 0.03 -0.31 0.17 0.38 0.31
6847 0.20 0.20 0.14 0.35 0.28 -0.05 0.56 1.39 1.51 0.56
6878 -0.04 0.32 0.17 0.38 0.32 0.44 -0.21 1.21 1.31 0.48
6856 0.15 0.38 0.28 0.51 0.41 0.52 -0.47 1.15 1.35 0.70
6887 -0.20 -0.38 1.57 1.63 0.43 0.09 0.64 1.70 1.83 0.65
6884 -0.16 -0.34 1.74 1.78 0.38 0.31 -0.15 0.62 0.72 0.34
6880 -0.00 0.12 0.67 0.69 0.12 0.22 0.09 0.20 0.34 0.23
6898 -0.03 0.21 0.43 0.50 0.21 -0.29 0.51 0.82 1.02 0.58
6933 -0.79 0.08 1.58 1.78 0.79 -0.66 -0.23 0.43 0.83 0.70
6947 -0.21 0.03 0.98 1.01 0.21 0.50 -0.34 1.54 1.66 0.61
6998 -0.21 0.49 0.91 1.06 0.53 -0.27 -0.52 1.87 1.96 0.59
7027 0.51 0.13 1.35 1.46 0.52 -0.06 0.33 0.60 0.71 0.34
7086 -0.38 0.75 2.18 2.34 0.84 -0.13 -0.44 0.11 0.49 0.46
7080 0.18 -0.37 2.35 2.39 0.42 -0.08 -0.49 0.48 0.70 0.50
7090 -0.14 0.30 0.41 0.54 0.33 0.25 0.68 0.97 1.22 0.73
7143 -0.68 0.41 2.51 2.64 0.79 0.36 -0.22 0.58 0.73 0.42
7144 0.13 0.22 0.65 0.72 0.26 -0.29 0.24 -0.05 0.41 0.38
7159 0.29 0.20 0.61 0.71 0.35 0.63 -0.52 1.68 1.87 0.81
7210 -0.12 -0.28 0.51 0.61 0.30 0.21 0.48 0.63 0.83 0.52
7234 -0.31 -0.07 0.19 0.39 0.32 0.42 -0.26 0.69 0.85 0.49
7227 0.24 -0.12 0.07 0.31 0.27 -0.41 -0.02 0.65 0.78 0.41
7202 -0.37 -0.39 1.63 1.72 0.53 -0.40 0.34 0.62 0.82 0.53
7263 -0.51 -0.45 4.00 4.06 0.68 -0.26 0.16 0.21 0.39 0.31
7289 -0.03 0.26 0.74 0.80 0.27 -0.28 0.07 0.35 0.47 0.29
7252 0.03 0.53 1.23 1.35 0.54 -0.22 0.47 1.66 1.74 0.52
7292 -0.27 -0.22 0.88 0.96 0.35 0.78 -0.33 2.21 2.37 0.84
7276 0.20 0.11 1.67 1.70 0.23 0.09 -0.19 0.21 0.33 0.21
7321 0.12 -0.08 1.04 1.06 0.14 -0.43 -0.24 0.44 0.67 0.49
7345 0.47 0.20 1.27 1.38 0.51 -0.47 -0.26 0.61 0.83 0.54
7325 0.21 0.23 1.75 1.78 0.31 -0.44 0.32 1.89 1.97 0.55
7371 -0.28 0.08 1.35 1.39 0.29 0.11 0.43 0.21 0.51 0.45
7347 0.40 -0.10 1.65 1.71 0.42 -0.09 0.36 0.56 0.69 0.37
7409 0.16 0.03 0.58 0.61 0.16 0.17 0.14 -0.07 0.27 0.22
7471 0.38 -0.03 0.59 0.72 0.38 -0.08 -0.37 -0.02 0.41 0.38
7495 -0.50 -0.51 1.20 1.40 0.72 0.22 -0.34 1.33 1.39 0.40
7481 -0.19 -0.01 0.71 0.75 0.19 -0.21 0.45 0.87 1.02 0.50
7486 -0.14 0.02 0.53 0.57 0.14 1.01 0.37 3.10 3.28 1.08
7526 -0.17 0.15 0.68 0.73 0.22 -0.15 -0.67 1.57 1.72 0.69
7586 0.27 0.22 0.33 0.50 0.35 0.26 0.42 0.86 1.00 0.49
7594 0.59 -0.11 0.76 0.98 0.60 -0.24 0.01 -0.02 0.28 0.24
7640 0.52 -0.57 3.87 3.95 0.77 -0.54 0.37 0.72 0.99 0.66
7650 -0.20 -0.21 0.15 0.36 0.29 0.34 -0.18 0.92 1.01 0.39
7660 -0.50 -0.09 1.02 1.15 0.51 0.05 -0.51 0.42 0.68 0.51
7641 0.01 0.22 0.53 0.59 0.22 0.04 -0.34 0.79 0.87 0.34
7677 -0.37 0.32 0.73 0.90 0.49 0.09 -0.44 0.87 0.99 0.45
7700 -0.13 0.06 0.85 0.87 0.15 0.23 -0.13 0.22 0.37 0.27
7708 0.54 -0.48 1.70 1.86 0.72 0.65 -0.20 0.38 0.80 0.68
7738 0.16 0.07 1.03 1.05 0.18 0.29 0.09 -0.01 0.34 0.31
7757 -0.15 -0.25 1.37 1.40 0.29 -0.41 0.65 1.74 1.91 0.77
7775 0.35 -0.26 1.41 1.48 0.44 -0.15 -0.13 0.03 0.25 0.20
7740 -0.06 -0.33 0.65 0.75 0.34 0.59 -0.38 0.95 1.19 0.70
7781 -0.36 -0.15 0.85 0.94 0.39 -0.26 0.78 3.57 3.67 0.83
7787 -0.33 -0.43 2.28 2.35 0.54 0.36 -0.63 0.19 0.77 0.73
7802 0.24 0.06 0.41 0.50 0.25 -0.29 -0.42 0.56 0.77 0.51
7810 0.13 0.29 0.46 0.58 0.32 -0.56 0.88 2.59 2.79 1.04
7825 0.12 0.34 0.47 0.61 0.36 -0.70 -0.48 1.99 2.17 0.85
7861 0.03 0.12 0.75 0.77 0.13 -0.43 0.90 1.07 1.47 1.00
7850 -0.05 -0.02 0.74 0.75 0.06 -0.38 0.16 0.26 0.50 0.41
7875 -0.31 0.13 1.55 1.59 0.34 -0.57 -0.70 4.65 4.74 0.90
7907 -0.18 0.21 1.13 1.17 0.28 0.31 -0.01 0.25 0.42 0.31
7961 -0.07 -0.35 3.16 3.19 0.36 -0.46 -0.17 0.82 0.97 0.49
7953 -0.11 0.34 0.46 0.60 0.36 0.37 -0.07 1.08 1.15 0.38
7987 -0.25 -0.15 1.26 1.30 0.29 -0.23 0.05 0.08 0.28 0.23
8019 -0.92 -0.02 1.38 1.67 0.92 -0.44 0.59 2.91 3.01 0.74
8034 0.14 -0.56 1.38 1.50 0.58 0.21 0.62 2.69 2.77 0.65
8008 -0.59 -0.00 1.44 1.56 0.59 -0.89 -0.08 2.42 2.58 0.89
8054 -0.27 -0.16 0.72 0.79 0.31 0.22 -0.35 0.10 0.45 0.42
8079 0.23 0.04 0.58 0.64 0.23 0.35 0.13 0.31 0.51 0.37
8093 -0.12 -0.12 0.46 0.51 0.17 0.19 0.26 0.45 0.57 0.32
8121 -0.19 -0.19 0.06 0.31 0.27 -0.16 0.21 0.10 0.32 0.27
8145 0.11 -0.21 -0.07 0.28 0.23 0.39 -0.09 0.51 0.66 0.40
8140 -0.47 0.15 2.86 2.90 0.49 0.05 0.21 0.25 0.36 0.22
8147 -0.37 0.15 1.37 1.43 0.40 0.77 0.12 0.87 1.17 0.78
8173 -0.51 0.16 1.99 2.07 0.54 -0.08 -0.42 0.60 0.75 0.42
8191 -0.23 -0.55 3.78 3.83 0.60 0.52 0.31 0.72 0.95 0.60
8263 0.17 -0.14 0.76 0.81 0.22 -0.30 0.30 1.58 1.64 0.43
8295 -0.43 0.51 0.71 0.98 0.67 0.20 0.29 0.57 0.69 0.36
8276 0.56 -0.13 1.21 1.35 0.58 -0.19 0.40 0.67 0.81 0.44
8370 -0.37 -0.05 0.67 0.78 0.38 -0.33 0.05 0.77 0.85 0.34
8433 -0.62 -0.41 2.30 2.42 0.75 0.14 0.51 1.23 1.35 0.53
8513 0.24 -0.11 0.04 0.30 0.26 -0.03 0.25 0.04 0.29 0.25
8519 0.18 0.51 0.89 1.06 0.55 -0.52 -0.21 0.99 1.15 0.56
8510 0.18 -0.26 0.25 0.42 0.31 0.00 -0.22 0.15 0.30 0.22
8528 -0.66 -0.55 4.76 4.84 0.86 0.32 -0.21 0.82 0.91 0.38
8526 0.48 -0.12 1.48 1.57 0.50 0.35 0.61 2.60 2.70 0.71
8564 0.45 -0.29 1.31 1.42 0.53 -0.54 -0.07 2.53 2.59 0.55
8561 0.40 -0.18 3.06 3.09 0.44 -0.23 -0.46 1.16 1.28 0.51
8554 0.01 0.65 1.14 1.31 0.65 -0.34 -0.85 6.78 6.84 0.92
8428 -0.27 -0.40 1.85 1.91 0.48 -0.05 1.09 1.20 1.63 1.09
8598 -0.42 0.14 1.51 1.58 0.44 -0.37 0.73 2.88 2.99 0.81
8614 -0.21 0.51 1.56 1.66 0.55 -0.09 0.43 0.89 1.00 0.44
8632 0.39 -0.47 1.96 2.05 0.61 0.65 0.20 1.94 2.06 0.69
8671 0.08 1.39 0.38 1.45 1.39 -0.43 0.18 0.04 0.49 0.47
8687 0.28 0.19 1.94 1.97 0.34 0.45 -0.21 1.81 1.88 0.49
8730 0.59 0.28 2.42 2.51 0.65 -0.48 0.08 1.12 1.23 0.49
8717 0.43 -0.24 1.62 1.70 0.49 -0.35 -0.02 -0.06 0.39 0.36
8742 -0.26 0.07 1.48 1.51 0.27 -0.42 0.06 0.89 0.99 0.42
8784 -0.56 0.33 1.70 1.82 0.65 -0.47 -0.56 0.50 0.90 0.73
8785 0.29 -0.19 0.40 0.55 0.34 0.21 -0.08 0.03 0.27 0.23
8825 0.20 -0.34 1.95 1.99 0.40 -0.13 -0.22 0.27 0.40 0.26
8826 -0.39 0.05 0.42 0.59 0.40 -0.37 -0.02 1.07 1.14 0.37
8834 0.10 -0.48 0.15 0.53 0.49 -0.03 -0.35 0.44 0.58 0.35
8866 0.48 -0.02 1.22 1.32 0.48 -0.36 0.95 4.84 4.95 1.02
8875 -0.01 -0.53 2.46 2.52 0.53 0.50 -0.26 0.47 0.75 0.57
8913 0.20 0.37 0.16 0.47 0.42 -0.12 -0.29 0.40 0.53 0.32
9033 0.15 0.13 1.36 1.38 0.19 -0.06 1.05 2.46 2.68 1.05
8996 0.39 0.31 1.33 1.42 0.50 0.43 -0.21 1.12 1.23 0.48
9034 -0.36 0.09 0.68 0.78 0.37 0.41 0.03 0.54 0.69 0.41
9023 -0.26 -0.10 1.64 1.67 0.28 0.27 -0.01 0.28 0.41 0.27
9066 0.23 0.25 0.51 0.63 0.34 0.67 0.30 1.73 1.88 0.74
9111 0.47 -0.19 2.88 2.92 0.51 0.14 0.19 0.43 0.51 0.23
9155 -0.32 -0.43 2.13 2.21 0.54 0.45 0.32 0.62 0.84 0.55
9211 0.16 -0.23 0.80 0.86 0.28 -0.04 -0.35 0.35 0.52 0.35
9208 -0.20 -0.48 2.61 2.66 0.53 0.34 -0.17 0.61 0.74 0.38
9126 -0.15 0.22 0.85 0.90 0.27 -0.31 -0.18 0.87 0.95 0.36
9239 -0.37 0.07 2.54 2.57 0.38 -0.16 -0.33 0.37 0.54 0.37
9326 -0.57 0.23 3.37 3.43 0.61 -0.23 -0.13 0.25 0.39 0.27
9337 -0.06 0.02 0.47 0.50 0.06 -0.31 -0.25 0.49 0.65 0.40
9341 0.44 0.63 1.96 2.11 0.77 0.21 0.13 0.28 0.40 0.25
9363 0.22 -0.27 0.15 0.40 0.34 -0.34 0.21 1.07 1.15 0.40
9360 0.11 0.19 0.55 0.61 0.22 -0.34 0.14 0.30 0.49 0.37
9391 -0.18 -0.12 1.21 1.24 0.22 0.09 0.25 0.18 0.35 0.27
9406 0.08 -0.32 0.49 0.61 0.33 0.24 0.04 -0.11 0.30 0.24
9403 -0.19 -0.06 0.65 0.70 0.20 -0.17 0.33 0.44 0.59 0.37
9469 0.09 -0.26 0.92 0.97 0.28 0.07 0.30 0.38 0.51 0.31
9479 0.22 -0.29 1.05 1.12 0.37 0.54 -0.55 1.91 2.07 0.77
9499 -0.27 -0.14 1.74 1.77 0.30 -0.17 -0.45 0.56 0.75 0.48
9515 0.02 0.41 3.56 3.58 0.41 -0.43 -0.55 0.80 1.07 0.70
9502 0.23 0.35 1.19 1.27 0.42 -0.01 -0.40 0.74 0.85 0.40
9521 -0.11 0.37 1.78 1.83 0.39 0.54 -0.28 1.40 1.53 0.61
9560 0.44 -0.26 1.48 1.58 0.51 -0.36 -0.59 1.16 1.36 0.69
9562 0.23 -0.26 0.93 1.00 0.34 -0.29 0.10 0.28 0.44 0.31
9605 -0.39 0.41 3.54 3.59 0.57 -0.04 -0.30 0.82 0.89 0.30
9636 0.76 -0.12 2.85 2.96 0.77 -0.39 -0.02 0.71 0.83 0.39
9648 -0.91 0.30 7.53 7.59 0.96 0.37 -0.34 0.22 0.56 0.50
9656 -0.14 0.23 0.69 0.76 0.27 -0.26 -0.22 0.68 0.77 0.34
9752 0.25 -0.18 1.21 1.26 0.31 0.52 0.12 0.48 0.73 0.54
9807 -0.16 -0.13 1.62 1.64 0.21 0.01 0.29 0.33 0.46 0.29
9798 0.62 0.30 1.65 1.80 0.70 0.14 0.34 -0.03 0.40 0.37
9831 -0.16 -0.31 2.75 2.77 0.35 0.10 -0.19 -0.02 0.25 0.21
9834 -0.52 0.08 0.58 0.79 0.52 -0.44 -0.06 0.66 0.81 0.45
9880 0.33 -0.00 0.76 0.83 0.33 -0.29 -0.52 0.74 0.96 0.59
9916 -0.17 0.41 0.56 0.73 0.44 0.77 -0.81 7.67 7.76 1.12
9937 0.22 -0.36 1.35 1.42 0.42 -0.06 -0.25 0.27 0.39 0.25
9938 -0.04 0.24 1.45 1.48 0.25 0.29 -0.02 0.21 0.38 0.29
9961 -0.02 0.45 1.53 1.60 0.45 -0.30 -0.08 0.20 0.40 0.32
9990 0.27 -0.43 1.76 1.84 0.51 -0.41 -0.14 1.29 1.37 0.44
10050 -0.08 -0.08 1.07 1.08 0.11 -0.55 -0.68 1.85 2.05 0.87
10189 0.12 -0.55 0.86 1.03 0.56 0.28 -0.61 0.81 1.06 0.67
10175 -0.32 0.12 0.42 0.56 0.34 -0.58 -0.03 1.52 1.63 0.58
10198 -0.33 0.28 0.88 0.99 0.43 -0.21 0.49 0.63 0.83 0.53
10280 0.10 -0.25 0.87 0.92 0.27 -0.23 0.21 0.10 0.35 0.31
10305 0.05 -0.28 0.13 0.35 0.29 -0.77 0.10 3.71 3.79 0.78
10315 0.26 -0.15 1.12 1.17 0.30 -0.13 0.39 0.29 0.52 0.41
10332 -0.12 0.29 0.24 0.42 0.32 0.31 -0.51 1.71 1.82 0.60
10343 0.33 0.37 4.35 4.38 0.50 -0.36 0.35 0.77 0.93 0.50
10406 0.38 -0.19 2.03 2.08 0.43 -0.01 -0.34 0.64 0.74 0.34
10396 0.22 -0.27 1.14 1.20 0.35 -0.00 0.26 0.21 0.36 0.26
10519 -0.09 -0.56 1.04 1.19 0.57 0.20 -0.16 0.12 0.31 0.25
10504 -0.50 0.15 1.52 1.62 0.52 -0.03 0.24 0.06 0.29 0.25
10531 -0.08 -0.33 0.22 0.43 0.34 0.18 0.33 0.44 0.60 0.38
10533 0.37 -0.20 2.94 2.97 0.42 -0.21 -0.37 1.30 1.38 0.43
10544 -0.22 -0.52 0.49 0.76 0.57 -0.41 0.24 0.40 0.63 0.47
10567 -0.25 -0.31 2.04 2.08 0.40 0.52 -0.52 1.26 1.46 0.74
10606 -0.08 0.38 3.39 3.42 0.39 -0.01 -0.33 0.34 0.49 0.33
10615 -0.26 -0.12 0.70 0.77 0.29 0.87 0.37 4.24 4.35 0.95
10645 -0.17 -0.22 0.24 0.39 0.28 -0.64 -0.10 0.62 0.91 0.65
10646 -0.23 0.19 1.36 1.40 0.30 0.19 0.11 -0.11 0.28 0.22
10693 -0.19 -0.00 0.58 0.63 0.19 0.07 0.25 0.26 0.39 0.26
10703 -0.36 -0.37 1.01 1.14 0.52 0.06 -0.24 0.17 0.34 0.25
10747 0.13 0.03 0.61 0.63 0.13 -0.30 -0.81 1.27 1.55 0.87
10777 -0.01 0.31 0.22 0.40 0.31 0.17 -0.35 0.73 0.84 0.39
10773 0.05 0.29 0.98 1.04 0.30 0.23 -0.17 0.25 0.40 0.28
10776 0.13 -0.13 0.79 0.82 0.18 -0.28 0.38 1.25 1.34 0.48
10798 0.34 0.18 0.57 0.70 0.39 0.41 -0.20 1.09 1.19 0.46
10835 -0.32 -0.26 0.37 0.57 0.41 0.25 0.31 0.50 0.66 0.40
10867 0.26 -0.18 1.20 1.25 0.31 0.06 -0.43 0.70 0.84 0.44
10863 -0.03 0.35 0.55 0.67 0.35 0.45 -0.10 0.65 0.81 0.46
10894 -0.46 0.05 1.88 1.94 0.46 0.28 -0.15 0.21 0.40 0.32
10932 0.22 -0.16 0.16 0.34 0.27 0.11 0.50 1.24 1.35 0.51
10929 0.15 -0.37 0.55 0.69 0.39 -0.36 -0.03 0.09 0.40 0.37
10850 0.12 -0.48 2.01 2.08 0.49 0.32 0.18 0.56 0.68 0.37
10964 0.06 -0.68 1.41 1.57 0.68 -0.35 0.07 0.63 0.74 0.35
10970 -0.65 0.09 1.40 1.55 0.65 0.36 0.04 -0.04 0.39 0.36
10986 0.53 -0.27 1.17 1.32 0.60 0.09 -0.42 1.30 1.38 0.42
11010 0.27 0.20 1.66 1.70 0.34 -0.01 -0.39 1.31 1.37 0.39
11095 0.10 -0.42 0.51 0.68 0.43 -0.16 0.50 0.92 1.07 0.52
11105 0.22 0.12 0.63 0.69 0.25 -0.11 -0.46 0.63 0.80 0.47
11141 -0.28 -0.30 1.21 1.28 0.41 0.21 0.57 3.01 3.07 0.60
11152 0.17 -0.52 2.13 2.21 0.54 0.13 0.74 2.56 2.67 0.75
11146 0.32 -0.35 0.06 0.50 0.47 -0.25 -1.01 1.66 1.97 1.04
11215 0.28 -0.16 0.20 0.40 0.32 0.29 -0.24 0.33 0.52 0.38
11233 0.02 0.25 1.83 1.85 0.25 1.16 0.33 1.34 1.81 1.21
11222 -0.53 -0.28 1.94 2.03 0.60 -0.11 0.65 1.82 1.95 0.66
11254 -0.34 -0.40 1.00 1.14 0.52 0.23 0.17 0.19 0.37 0.28
11300 -0.18 0.14 1.51 1.53 0.23 -0.02 -0.24 0.01 0.28 0.24
11295 -0.33 0.15 0.46 0.60 0.36 -0.23 0.34 0.19 0.47 0.41
11310 -0.23 0.21 1.05 1.11 0.31 0.30 0.39 0.70 0.87 0.50
11309 -0.32 -0.00 0.78 0.85 0.32 -0.76 0.56 2.53 2.71 0.94
11347 0.52 -0.09 0.81 0.98 0.53 -0.27 0.56 0.74 0.98 0.62
11431 0.28 0.61 2.27 2.37 0.67 0.22 0.56 0.71 0.94 0.60
11435 0.15 -0.73 1.58 1.75 0.75 -0.22 0.14 -0.07 0.31 0.26
11446 0.63 -0.62 1.49 1.74 0.88 0.50 -0.27 0.75 0.95 0.57
11466 0.21 0.03 0.57 0.63 0.22 1.21 -0.11 1.72 2.11 1.22
11539 0.38 0.19 0.68 0.81 0.43 -0.25 -0.11 0.47 0.56 0.27
11566 -0.13 -0.35 2.81 2.84 0.37 0.99 0.03 1.22 1.58 0.99
11589 -0.23 -0.25 0.49 0.61 0.34 -0.38 -0.13 1.07 1.15 0.40
11606 -0.04 0.51 0.66 0.84 0.51 -0.05 0.26 0.30 0.43 0.27
11617 -0.14 0.38 0.46 0.62 0.40 -0.10 -0.34 0.46 0.60 0.36
11630 -0.39 0.22 2.85 2.89 0.45 0.52 0.09 0.97 1.11 0.53
11654 -0.52 -0.22 1.24 1.37 0.56 0.44 -0.22 1.30 1.40 0.50
11664 0.44 0.10 0.62 0.78 0.45 0.02 -0.36 0.90 0.97 0.36
11755 0.13 -0.37 0.43 0.60 0.39 -0.46 -0.32 2.07 2.15 0.56
11788 0.09 0.27 0.31 0.44 0.28 0.54 -0.44 3.04 3.13 0.69
11806 0.56 -0.23 2.40 2.48 0.61 -0.12 0.52 0.83 0.99 0.53
11819 -0.10 -0.12 0.49 0.53 0.16 0.31 -0.24 0.76 0.87 0.39
11882 0.16 0.22 1.68 1.71 0.27 0.44 -0.29 0.93 1.07 0.52
11894 0.20 -0.05 0.82 0.86 0.21 0.02 0.32 0.62 0.71 0.33
11921 0.32 1.10 2.90 3.12 1.14 0.42 0.17 0.44 0.65 0.45
11961 -0.04 0.48 1.03 1.15 0.48 -0.43 -0.07 1.02 1.12 0.43
11949 -0.52 -0.34 3.50 3.55 0.62 0.40 0.07 1.35 1.42 0.41
12035 0.23 -0.40 0.79 0.93 0.47 0.43 -0.64 3.14 3.24 0.77
12050 0.13 -0.08 0.66 0.69 0.15 0.08 -0.31 0.22 0.41 0.32
12098 -0.14 0.28 0.73 0.80 0.31 0.82 -0.31 0.91 1.27 0.87
12097 0.14 -0.28 1.77 1.80 0.31 0.10 0.51 0.75 0.93 0.52
12151 -0.27 0.08 1.46 1.49 0.29 0.25 -0.40 0.08 0.50 0.47
12140 -0.02 -0.44 0.79 0.91 0.44 -0.44 0.18 0.87 1.01 0.48
12214 -0.26 0.24 1.21 1.27 0.35 0.20 0.19 0.22 0.38 0.27
12263 -0.32 -0.07 0.53 0.64 0.33 0.10 -0.34 0.01 0.38 0.35
12278 -0.33 0.40 0.49 0.72 0.52 -0.13 -0.20 0.28 0.39 0.24
12275 -0.62 0.06 2.13 2.22 0.63 -0.64 0.54 1.46 1.69 0.83
12296 0.25 -0.17 0.50 0.60 0.30 0.71 0.39 0.94 1.25 0.81
12301 -0.29 -0.18 0.81 0.89 0.34 0.08 0.26 0.07 0.31 0.27
12312 -0.36 0.05 1.15 1.21 0.37 -0.28 -0.23 0.39 0.55 0.36
12315 -0.13 -0.05 0.74 0.76 0.14 0.34 -0.99 1.90 2.17 1.04
12354 -0.19 -0.14 0.27 0.38 0.24 0.28 0.15 0.30 0.46 0.32
12363 0.28 -0.22 1.99 2.03 0.35 0.14 -0.29 0.62 0.71 0.32
12426 -0.30 0.39 3.05 3.09 0.49 -0.04 -0.25 0.21 0.36 0.26
12397 -0.25 -0.41 2.32 2.37 0.48 0.28 -0.22 0.73 0.83 0.36
12523 -0.37 0.00 1.18 1.25 0.37 -0.25 -0.85 3.05 3.17 0.89
12538 0.33 0.31 0.57 0.74 0.45 -0.18 0.09 0.01 0.25 0.20
12531 0.01 -0.15 1.43 1.45 0.15 -0.06 0.51 0.30 0.61 0.51
12622 0.11 -0.09 0.49 0.53 0.14 0.35 0.14 0.19 0.44 0.38
12585 -0.31 -0.80 3.37 3.48 0.86 0.08 0.24 0.19 0.34 0.25
12637 -0.46 -0.34 1.41 1.53 0.57 -0.36 -0.36 1.18 1.30 0.51
12649 0.31 0.13 0.28 0.46 0.33 0.39 -0.45 0.95 1.13 0.60
12647 0.24 0.06 0.86 0.90 0.24 -0.16 1.00 2.11 2.34 1.01
12709 -0.43 0.18 0.45 0.66 0.47 0.35 -0.22 0.37 0.57 0.41
12692 -0.01 0.29 1.71 1.74 0.29 -0.44 0.30 0.70 0.89 0.54
12746 0.32 0.29 3.54 3.57 0.43 -0.06 0.30 0.11 0.36 0.31
12752 0.02 0.22 0.56 0.62 0.22 0.38 -0.28 0.41 0.64 0.47
12763 0.00 -0.08 0.95 0.96 0.08 0.24 0.07 -0.01 0.29 0.25
12756 -0.33 0.69 1.31 1.52 0.77 0.38 -0.60 3.70 3.77 0.71
12758 -0.26 -0.36 0.42 0.63 0.45 0.17 0.10 0.04 0.25 0.20
12822 -0.31 0.40 1.93 2.01 0.51 -0.06 -0.25 0.29 0.41 0.26
12841 0.29 -0.21 0.43 0.58 0.36 -0.46 -0.27 1.71 1.80 0.53
12897 -0.09 0.26 2.55 2.57 0.27 0.30 -0.01 -0.04 0.33 0.30
12894 -0.03 0.58 0.83 1.02 0.58 0.46 -0.49 4.90 4.94 0.68
12898 0.18 -0.16 0.14 0.31 0.24 -0.32 0.32 1.27 1.35 0.46
12957 0.43 -0.16 0.20 0.52 0.46 0.69 0.22 3.10 3.19 0.72
12921 -0.14 -0.18 0.50 0.57 0.23 -0.04 0.37 1.03 1.10 0.37
12967 -0.39 0.19 0.89 1.00 0.43 0.36 -0.11 1.07 1.15 0.38
12959 -0.02 0.56 1.30 1.42 0.56 0.34 0.33 0.65 0.82 0.47
12974 0.25 0.19 0.69 0.77 0.31 -0.38 0.25 0.27 0.55 0.45
13002 0.16 -0.28 0.11 0.37 0.32 -0.60 0.45 2.98 3.07 0.75
13004 -0.18 -0.35 2.34 2.37 0.39 -0.97 0.54 1.63 1.98 1.11
13015 0.68 -0.02 2.35 2.45 0.68 -0.30 -0.67 1.34 1.53 0.74
13012 -0.11 0.31 1.68 1.71 0.32 0.30 0.04 0.30 0.45 0.30
13038 0.10 -0.30 2.68 2.70 0.31 -0.26 -0.71 4.29 4.36 0.76
13069 -0.57 -0.28 0.66 0.93 0.63 0.44 -0.02 0.45 0.65 0.44
13054 0.41 0.14 0.97 1.08 0.43 0.23 0.65 1.81 1.94 0.69
13097 -0.06 0.19 0.95 0.98 0.20 0.31 -0.74 2.33 2.47 0.80
13121 -0.30 -0.02 0.40 0.52 0.30 0.20 0.38 0.15 0.47 0.42
13149 -0.02 -0.26 0.11 0.31 0.26 0.66 -0.47 1.20 1.45 0.81
13177 -0.66 -0.24 0.59 0.93 0.70 -0.07 0.35 0.66 0.76 0.35
13221 -0.28 -0.31 0.73 0.85 0.42 0.38 0.17 1.15 1.23 0.42
13223 0.52 0.22 1.42 1.54 0.57 0.66 -0.03 1.29 1.45 0.66
13237 0.01 0.29 2.19 2.22 0.29 0.03 -0.32 0.51 0.62 0.32
13310 0.04 -0.37 1.17 1.24 0.38 -0.33 0.42 0.62 0.83 0.53
13308 -0.06 0.26 1.54 1.57 0.27 -0.07 0.23 0.24 0.37 0.24
13323 0.55 0.02 0.76 0.95 0.55 0.76 0.17 0.53 0.95 0.78
13311 -0.10 0.43 0.70 0.84 0.45 0.19 -0.29 0.20 0.43 0.35
13258 -0.51 -0.65 1.74 1.93 0.82 0.15 0.60 2.39 2.47 0.62
13356 0.14 0.46 1.27 1.36 0.48 -0.06 -0.33 -0.09 0.37 0.33
13344 0.26 0.18 0.91 0.97 0.32 0.70 0.13 2.39 2.50 0.71
13367 -0.24 0.09 0.29 0.41 0.26 -0.30 0.07 0.35 0.49 0.31
13379 -0.09 -0.41 0.59 0.74 0.42 0.32 0.22 0.01 0.41 0.39
13414 0.17 -0.31 0.61 0.72 0.35 0.02 0.60 0.85 1.05 0.60
13480 0.36 -0.00 1.27 1.33 0.36 -0.36 0.23 0.50 0.67 0.43
13481 -0.04 0.62 1.74 1.85 0.63 0.22 -0.21 0.36 0.49 0.31
13495 -0.17 0.09 0.93 0.96 0.19 -0.41 -0.16 0.68 0.82 0.44
13497 -0.29 -0.33 0.88 0.99 0.44 -0.14 -0.53 1.98 2.06 0.55
13533 0.36 0.34 2.95 2.99 0.50 -0.29 -0.11 0.12 0.36 0.31
13578 -0.34 0.03 0.31 0.48 0.34 0.05 0.47 0.62 0.79 0.47
13622 -0.47 0.28 0.08 0.57 0.54 -0.23 0.24 0.76 0.84 0.34
13677 -0.26 -0.06 0.31 0.43 0.27 -0.13 0.26 0.26 0.42 0.29
13661 0.22 0.58 2.10 2.19 0.62 0.37 -0.02 0.21 0.45 0.37
13709 -0.33 -0.02 1.61 1.65 0.33 0.01 0.24 0.14 0.31 0.24
13712 -0.26 -0.20 1.53 1.57 0.33 -0.37 -0.16 0.41 0.60 0.40
13716 0.09 -0.23 0.42 0.51 0.25 0.37 0.05 0.02 0.40 0.38
13744 -0.20 -0.10 0.21 0.33 0.22 -0.68 -0.15 1.34 1.52 0.70
13767 0.36 -0.77 3.72 3.82 0.85 0.48 0.27 0.59 0.82 0.55
13792 -0.24 -0.22 2.13 2.16 0.32 -0.26 0.22 0.27 0.46 0.34
13803 -0.25 -0.14 0.75 0.81 0.28 0.34 0.41 0.33 0.64 0.53
13848 -0.18 -0.90 6.58 6.65 0.92 -0.51 0.18 0.86 1.03 0.54
13870 0.03 0.10 0.85 0.87 0.10 0.83 0.26 4.60 4.69 0.87
13863 -0.16 0.16 1.56 1.59 0.22 -0.19 -0.25 0.26 0.43 0.31
13923 0.03 0.22 1.05 1.08 0.22 -1.25 -0.36 5.97 6.11 1.30
14011 -0.51 -0.34 0.44 0.77 0.62 -0.41 -0.29 1.02 1.14 0.50
14001 -0.21 -0.54 1.00 1.17 0.57 -0.17 0.36 0.60 0.73 0.40
14036 -0.24 -0.09 1.19 1.22 0.26 0.29 -0.02 0.28 0.43 0.30
14033 -0.83 0.24 1.37 1.63 0.86 -0.13 0.38 0.70 0.82 0.40
14040 -0.17 -0.06 0.57 0.61 0.19 0.37 0.11 0.53 0.66 0.38
14090 -0.44 -0.34 1.14 1.27 0.55 -0.31 0.19 -0.04 0.39 0.36
14073 -0.31 -0.27 0.65 0.78 0.42 0.11 -0.38 1.04 1.12 0.40
14104 -0.18 0.07 1.88 1.90 0.20 0.06 0.24 0.20 0.34 0.24
14149 0.24 -0.54 1.49 1.61 0.59 -0.24 -0.35 0.32 0.55 0.43
14159 0.09 0.28 0.81 0.87 0.30 -0.47 0.57 5.36 5.41 0.74
14188 -0.06 0.25 0.25 0.39 0.26 -0.19 0.27 0.63 0.73 0.33
14164 0.68 0.56 2.42 2.57 0.88 -0.36 -0.70 5.16 5.22 0.79
14172 0.01 -0.32 0.57 0.67 0.32 -0.57 0.20 1.13 1.29 0.61
14204 0.32 -0.10 1.95 1.98 0.33 -0.37 -0.27 0.39 0.62 0.46
14249 -0.29 -0.31 0.88 0.99 0.43 0.20 -0.14 0.18 0.34 0.25
14266 -0.40 -0.44 2.15 2.23 0.59 -0.17 0.27 -0.06 0.35 0.32
14295 -0.47 -0.14 0.81 0.96 0.49 -0.09 0.68 0.82 1.08 0.69
14296 0.29 -0.43 0.67 0.86 0.52 0.39 0.29 0.14 0.52 0.48
14297 0.42 0.24 1.73 1.80 0.48 0.71 0.19 3.37 3.46 0.74
14309 0.28 0.30 0.45 0.62 0.41 0.38 -0.04 0.79 0.89 0.39
14344 -0.20 0.21 0.78 0.84 0.28 -0.48 0.21 0.29 0.61 0.52
14341 -0.46 0.20 1.09 1.21 0.50 0.48 0.14 1.42 1.51 0.50
14328 -0.26 0.19 0.90 0.97 0.32 0.02 -0.37 0.70 0.80 0.37
14354 -0.19 -0.50 2.08 2.15 0.54 -0.40 0.40 0.99 1.15 0.57
14378 0.02 0.13 0.87 0.89 0.13 0.30 -0.73 4.83 4.90 0.79
14377 -0.36 -0.01 0.54 0.67 0.36 0.54 0.10 1.73 1.82 0.55
14312 -0.04 0.31 1.96 1.99 0.31 0.06 0.46 1.73 1.79 0.47
14385 -0.09 0.13 0.62 0.66 0.16 -0.11 -0.40 1.08 1.16 0.42
14406 -0.21 0.23 0.67 0.75 0.31 -0.60 0.07 0.10 0.63 0.61
14375 -0.50 -0.05 1.97 2.03 0.50 0.43 0.31 1.14 1.27 0.53
14431 0.11 -0.24 0.28 0.41 0.26 0.57 0.10 0.69 0.91 0.58
14459 0.02 -0.52 0.93 1.08 0.52 0.10 0.60 0.55 0.83 0.61
14453 0.26 -0.05 1.25 1.29 0.26 -0.40 0.10 0.97 1.06 0.41
14463 -0.31 -0.09 0.67 0.76 0.32 0.12 0.49 1.08 1.20 0.51
14491 0.19 -0.49 1.59 1.68 0.53 0.21 -0.60 0.85 1.08 0.64
14544 0.16 0.28 1.20 1.25 0.32 -0.18 -0.14 0.06 0.28 0.23
14553 -0.28 0.08 1.32 1.36 0.30 0.53 0.81 2.20 2.41 0.97
14600 0.11 -0.30 2.46 2.49 0.32 0.09 -0.50 0.27 0.59 0.51
14594 0.23 -0.61 0.37 0.76 0.66 -0.37 -0.06 0.49 0.63 0.37
14578 0.01 -0.14 0.95 0.97 0.14 -0.58 0.21 1.45 1.58 0.61
14615 -0.25 0.37 3.30 3.33 0.45 -0.55 -0.24 1.07 1.23 0.60
14636 -0.09 0.08 0.73 0.76 0.12 0.05 0.50 1.40 1.49 0.50
14704 0.10 -0.25 0.23 0.38 0.27 0.15 0.24 0.23 0.39 0.28
14734 -0.44 -0.11 0.96 1.07 0.45 1.18 -0.28 3.61 3.81 1.21
14726 0.48 0.68 0.86 1.21 0.83 0.38 0.13 0.47 0.63 0.40
14764 -0.23 -0.55 2.03 2.12 0.60 0.11 0.56 0.38 0.70 0.57
14782 -0.52 -0.21 1.08 1.22 0.56 0.71 0.74 4.09 4.22 1.02
14790 0.33 0.16 0.33 0.51 0.36 -0.41 -0.08 0.31 0.54 0.42
14746 -0.21 -0.12 1.44 1.47 0.24 -0.12 -0.54 2.64 2.70 0.55
14833 -0.29 -0.32 4.23 4.25 0.43 -0.30 0.20 0.40 0.56 0.36
14832 0.39 -0.21 0.94 1.04 0.44 0.06 0.31 0.48 0.60 0.32
14850 -0.36 -0.20 1.22 1.29 0.41 -0.17 0.36 0.00 0.42 0.40
14854 0.48 0.33 2.96 3.02 0.58 -0.15 0.43 0.61 0.77 0.45
14837 -0.03 0.32 1.50 1.54 0.32 0.28 -0.27 0.69 0.81 0.39
14857 -0.05 0.56 2.44 2.51 0.57 -0.33 -0.83 2.62 2.77 0.89
14868 -0.31 -0.16 1.56 1.61 0.35 -0.15 -0.25 0.03 0.33 0.29
14890 0.26 0.49 3.87 3.92 0.55 0.44 0.09 0.36 0.60 0.45
14905 0.47 -0.13 2.10 2.16 0.48 -0.30 0.41 1.43 1.53 0.51
14947 0.26 -0.16 0.68 0.76 0.31 0.11 0.29 0.07 0.35 0.31
15024 -0.17 -0.13 0.04 0.26 0.21 -0.28 -0.48 0.51 0.77 0.56
15036 -0.36 -0.46 3.06 3.11 0.58 -0.05 -0.35 0.59 0.71 0.36
15075 0.09 0.55 0.87 1.04 0.56 -0.27 -0.19 0.14 0.39 0.33
15098 -0.10 0.56 5.95 5.98 0.57 0.22 -0.28 0.17 0.42 0.35
15149 0.07 0.26 0.82 0.88 0.27 -0.20 0.18 0.15 0.34 0.27
15133 0.71 -0.04 1.41 1.59 0.71 -0.01 0.37 0.99 1.06 0.37
15160 0.18 -0.23 0.15 0.35 0.29 -0.26 0.85 2.86 2.99 0.88
15166 -0.12 0.84 1.41 1.65 0.85 -0.38 -0.65 1.67 1.84 0.76
15192 -0.12 -0.17 0.59 0.64 0.21 -0.30 0.44 0.43 0.70 0.54
15206 -0.13 0.24 1.81 1.84 0.28 -0.31 0.43 0.21 0.58 0.52
15212 -0.19 0.39 1.47 1.54 0.43 -0.10 -0.34 1.25 1.30 0.36
15204 0.05 -0.24 0.80 0.85 0.25 -0.14 -0.46 1.00 1.12 0.49
15241 -0.16 0.48 1.82 1.89 0.51 0.49 0.17 0.64 0.84 0.52
15292 0.23 0.05 0.11 0.30 0.24 -0.56 -0.01 1.74 1.83 0.56
15307 -0.28 0.15 0.19 0.39 0.32 -0.29 -0.40 0.47 0.70 0.49
15326 -0.49 -0.07 0.30 0.59 0.49 0.22 0.29 0.40 0.56 0.37
15304 0.03 0.49 2.63 2.68 0.49 -0.03 0.31 0.50 0.60 0.31
15390 -0.25 -0.00 0.55 0.62 0.25 0.08 0.26 0.10 0.32 0.27
15394 0.28 0.16 0.16 0.39 0.32 -0.36 0.04 0.85 0.93 0.36
15432 -0.11 0.27 1.88 1.91 0.29 -1.02 -1.02 5.51 5.70 1.45
15446 -0.43 0.65 2.53 2.65 0.78 0.30 -0.57 0.66 0.94 0.64
15443 0.41 -0.35 0.57 0.80 0.54 -0.34 -0.23 0.46 0.64 0.41
15511 0.51 0.27 1.47 1.58 0.57 0.63 0.23 2.05 2.16 0.67
15559 -0.22 0.07 1.32 1.35 0.23 0.14 0.51 0.64 0.84 0.53
15591 -0.22 -0.12 0.57 0.64 0.25 0.42 -0.54 0.38 0.79 0.68
15627 0.40 -0.34 1.32 1.42 0.52 -0.33 -0.23 0.41 0.59 0.40
15661 -0.61 -0.27 2.07 2.18 0.67 0.35 0.70 1.65 1.83 0.78
15668 -0.15 0.00 0.58 0.61 0.15 -0.27 -0.24 0.44 0.59 0.36
15722 0.15 0.46 0.38 0.63 0.48 0.29 0.18 0.16 0.41 0.35
15730 0.45 -0.37 0.22 0.64 0.58 0.41 0.52 0.92 1.15 0.67
15812 -0.14 -0.14 1.00 1.03 0.20 -0.35 -0.49 0.89 1.09 0.60
15818 -0.42 0.02 0.55 0.71 0.42 0.43 0.12 0.55 0.73 0.45
15845 -0.23 -0.01 0.56 0.62 0.23 -0.09 0.20 0.08 0.27 0.22
15872 0.14 -0.40 0.24 0.50 0.42 -0.56 0.17 0.83 1.02 0.58
15858 0.20 0.24 1.52 1.56 0.31 0.31 0.02 0.26 0.43 0.31
15902 -0.13 0.12 1.07 1.10 0.18 0.67 -0.03 3.11 3.18 0.67
15929 -0.03 0.43 4.13 4.16 0.43 0.31 -0.29 1.15 1.23 0.42
15952 0.09 -0.43 0.33 0.57 0.44 0.81 -0.04 0.60 1.02 0.81
16007 -0.34 -0.22 0.94 1.04 0.41 -0.23 -0.18 0.25 0.41 0.29
15984 0.27 -0.39 4.60 4.63 0.48 -0.21 0.38 0.43 0.63 0.44
16009 0.11 0.82 1.98 2.15 0.83 -0.37 -0.56 0.78 1.04 0.67
15997 0.14 -0.13 1.29 1.31 0.19 0.37 0.31 1.31 1.40 0.48
16055 -0.06 -0.41 0.65 0.78 0.41 0.60 -0.03 0.39 0.73 0.60
16056 -0.50 0.36 2.15 2.25 0.62 -0.31 0.35 0.48 0.68 0.47
16074 0.01 0.24 0.56 0.62 0.24 -0.59 -0.14 1.86 1.96 0.60
16086 0.24 0.75 3.11 3.21 0.78 0.20 0.20 0.64 0.71 0.28
16161 0.16 -0.64 2.69 2.77 0.66 -0.30 -0.43 0.37 0.66 0.52
16141 0.07 -0.38 0.85 0.95 0.39 0.33 0.15 0.45 0.60 0.36
16198 -0.17 -0.13 0.20 0.32 0.21 -0.61 0.72 1.80 2.03 0.94
16190 0.21 0.49 0.81 0.98 0.53 -0.09 -0.56 0.24 0.63 0.57
16173 -0.46 0.18 1.14 1.25 0.49 0.09 -0.24 0.00 0.29 0.26
16296 -0.23 0.18 0.30 0.44 0.29 0.31 -0.41 1.10 1.22 0.52
16314 0.37 0.21 0.50 0.67 0.42 0.37 0.22 0.05 0.45 0.43
16306 -0.19 0.94 2.34 2.53 0.96 0.35 0.30 0.86 0.99 0.46
16344 0.39 -0.09 0.77 0.88 0.40 -0.01 0.34 0.21 0.42 0.34
16313 -0.33 0.30 1.61 1.67 0.45 -0.24 -0.50 1.02 1.17 0.56
16365 -0.31 -0.25 0.51 0.66 0.40 0.82 0.06 1.18 1.45 0.82
16372 -0.28 0.36 3.26 3.30 0.45 0.61 0.15 0.94 1.14 0.63
16456 -0.52 0.19 1.62 1.72 0.55 0.17 -0.13 -0.01 0.26 0.21
16427 -0.08 0.09 1.01 1.03 0.12 0.05 -0.42 0.59 0.74 0.42
16472 -0.28 -0.18 1.95 1.98 0.33 -0.77 -0.40 1.02 1.35 0.86
16458 0.05 -0.84 2.30 2.46 0.84 -0.53 -0.29 1.22 1.37 0.60
16465 0.82 1.14 5.90 6.07 1.40 -0.37 -0.27 1.23 1.32 0.46
16476 0.27 0.20 0.23 0.43 0.33 -0.21 0.31 0.71 0.82 0.38
16487 0.27 -0.84 3.58 3.69 0.89 -0.03 -0.55 1.02 1.17 0.56
16467 0.01 0.22 1.41 1.43 0.22 -0.42 0.16 1.22 1.31 0.45
16506 0.10 -0.04 0.82 0.84 0.11 1.04 0.04 2.02 2.28 1.04
16544 -0.27 0.08 2.59 2.61 0.28 0.64 0.04 3.84 3.90 0.64
16477 -0.24 -0.23 0.38 0.53 0.34 -0.27 0.28 0.37 0.55 0.39
16502 0.10 -0.25 1.21 1.25 0.27 0.30 0.08 0.38 0.51 0.31
16563 0.30 0.29 1.90 1.95 0.42 0.03 0.27 0.30 0.43 0.27
16498 0.31 0.15 0.71 0.80 0.34 -0.25 0.24 0.70 0.79 0.34
16593 -0.01 -0.10 0.46 0.49 0.10 -0.74 -0.13 0.96 1.23 0.75
16661 1.11 -0.16 2.70 2.93 1.13 0.32 -0.46 1.88 1.97 0.56
16707 0.29 -0.03 0.48 0.58 0.29 0.35 -0.10 0.30 0.49 0.36
16743 0.03 -0.21 0.13 0.29 0.21 -0.42 0.34 1.00 1.15 0.54
16765 0.20 -0.48 0.45 0.70 0.52 0.68 -0.54 1.29 1.56 0.87
16754 0.33 -0.02 2.15 2.18 0.33 0.55 -0.22 1.40 1.52 0.59
16766 0.13 -0.83 -0.45 0.96 0.84 0.26 -0.41 1.33 1.42 0.49
16799 -0.28 -0.05 0.29 0.44 0.29 -0.05 0.42 0.60 0.75 0.43
16849 -0.11 -0.03 1.01 1.02 0.12 -0.53 0.31 1.20 1.35 0.61
16822 0.28 -0.07 1.07 1.12 0.29 -0.28 0.39 1.23 1.33 0.48
16864 -0.02 -0.34 1.32 1.37 0.34 0.63 0.10 2.01 2.12 0.64
16933 -0.07 -0.47 1.67 1.74 0.47 -0.42 0.40 1.15 1.30 0.58
16967 -0.26 -0.17 0.16 0.38 0.32 -0.47 -0.14 1.29 1.39 0.49
16947 -0.67 -0.35 1.26 1.47 0.76 -0.48 -0.16 1.52 1.61 0.51
17005 0.05 -0.49 1.53 1.61 0.49 -0.44 0.29 0.76 0.94 0.53
17003 -0.05 -0.60 1.14 1.30 0.60 -0.22 0.10 0.09 0.30 0.24
17062 -0.32 0.51 1.84 1.94 0.60 0.29 0.59 0.56 0.88 0.66
17084 0.45 -1.24 4.99 5.16 1.32 0.02 0.41 1.19 1.26 0.41
17047 -0.12 0.24 2.44 2.46 0.27 0.12 0.35 0.49 0.62 0.37
17124 -0.60 0.12 1.31 1.46 0.61 -0.26 -0.52 0.77 0.97 0.58
17163 -0.61 -0.05 1.32 1.46 0.61 -0.73 -0.48 0.30 0.93 0.87
17185 -0.10 0.27 2.12 2.14 0.29 0.46 -0.30 0.61 0.83 0.55
17144 0.23 -0.10 1.19 1.22 0.25 -0.11 -0.40 0.52 0.68 0.41
17178 -0.42 -0.26 3.44 3.48 0.49 0.27 -0.30 1.17 1.25 0.40
17204 0.32 0.26 1.20 1.28 0.41 -0.12 -0.37 0.28 0.50 0.39
17206 0.11 -0.48 1.18 1.28 0.49 0.11 -0.58 0.66 0.89 0.59
17229 -0.73 0.66 1.11 1.49 0.98 0.05 0.31 0.37 0.50 0.31
17218 0.14 -0.90 1.41 1.68 0.91 0.06 -0.40 0.40 0.59 0.40
17258 0.29 0.43 3.81 3.85 0.52 -0.43 -0.65 0.97 1.26 0.78
17246 -0.27 -0.02 0.57 0.65 0.28 0.04 0.80 1.19 1.44 0.80
17316 -0.06 0.40 1.14 1.22 0.40 0.05 -0.61 0.79 1.01 0.61
17300 -0.46 -0.40 4.94 4.98 0.61 -0.28 0.46 1.29 1.40 0.54
17333 0.17 0.34 2.74 2.77 0.38 -0.32 0.09 0.10 0.38 0.34
17303 0.24 -0.22 1.35 1.40 0.32 -0.04 0.56 2.05 2.13 0.56
17348 0.42 0.19 2.11 2.16 0.46 -0.13 0.37 0.52 0.67 0.39
17386 -0.20 0.06 1.02 1.05 0.21 1.09 -0.58 3.74 3.94 1.24
17380 0.55 -0.29 2.51 2.59 0.62 -0.09 -0.22 0.13 0.30 0.23
17436 0.03 0.15 1.11 1.13 0.16 0.88 0.07 1.80 2.00 0.88
17487 0.08 0.30 0.08 0.35 0.31 -0.70 0.07 2.03 2.16 0.71
17514 -0.05 0.31 1.29 1.34 0.32 -0.24 -0.21 0.32 0.47 0.32
17511 0.09 0.41 1.57 1.63 0.42 0.70 0.49 1.54 1.76 0.85
17516 -0.21 -0.25 2.02 2.05 0.32 -0.02 -0.37 0.59 0.72 0.37
17547 0.11 -0.55 2.71 2.77 0.56 -0.08 -0.25 0.19 0.35 0.26
17558 0.31 -0.02 1.90 1.93 0.31 0.03 -0.76 0.30 0.83 0.77
17584 0.31 -0.04 0.75 0.83 0.32 -0.06 -0.59 1.84 1.94 0.60
17645 0.55 0.22 2.12 2.20 0.59 -0.74 -0.01 4.69 4.75 0.74
17744 -0.13 -0.29 2.26 2.29 0.32 0.23 -0.16 0.19 0.36 0.28
17769 -0.82 -0.07 3.57 3.66 0.82 0.12 -0.43 0.74 0.88 0.45
17806 -0.35 0.31 1.41 1.49 0.47 -0.04 0.46 0.73 0.88 0.46
17814 -0.46 -0.45 4.37 4.42 0.65 0.01 0.29 0.22 0.38 0.29
17832 0.25 0.81 2.65 2.79 0.85 0.12 0.17 0.15 0.29 0.21
17882 -0.24 0.05 0.50 0.57 0.24 -0.35 -0.16 0.38 0.56 0.38
17865 -0.28 -0.08 1.28 1.32 0.29 0.32 -0.50 2.95 3.02 0.59
17907 -0.15 0.36 0.32 0.52 0.39 -0.04 0.35 0.57 0.69 0.35
17921 0.10 0.10 1.17 1.18 0.14 -0.23 -0.14 0.11 0.32 0.27
17987 -0.24 -0.11 1.13 1.17 0.26 -0.27 0.05 0.03 0.31 0.27
18069 0.20 -0.27 0.57 0.68 0.34 0.19 0.13 0.02 0.27 0.22
18081 -0.03 -0.15 0.60 0.63 0.15 0.12 -0.34 0.57 0.69 0.36
18096 -0.27 -0.39 0.26 0.56 0.47 0.35 -0.22 0.54 0.69 0.41
18105 -0.38 -0.22 3.36 3.39 0.44 -0.31 0.25 0.26 0.50 0.40
18119 0.34 -0.17 0.50 0.64 0.38 0.15 0.73 3.12 3.21 0.75
18124 -0.27 -0.33 0.32 0.55 0.43 -0.11 0.27 0.22 0.39 0.29
18138 0.36 0.29 0.34 0.59 0.46 -0.27 0.40 1.78 1.85 0.48
18121 -0.09 -0.22 0.20 0.34 0.24 0.32 -0.15 0.53 0.65 0.35
18143 0.14 -0.60 0.34 0.72 0.62 -0.58 0.01 1.63 1.73 0.58
18142 -0.28 -0.32 1.49 1.56 0.43 0.29 0.78 3.68 3.78 0.83
18226 -0.32 0.01 0.74 0.82 0.32 -0.37 -0.18 0.70 0.83 0.41
18225 -0.29 -0.00 0.22 0.39 0.29 0.30 0.13 -0.05 0.36 0.32
18248 0.16 0.12 1.52 1.54 0.20 0.02 -0.39 0.00 0.41 0.39
18295 -0.09 0.17 0.12 0.27 0.19 -0.34 0.40 1.02 1.15 0.52
18311 0.10 0.23 0.94 0.98 0.25 0.26 -0.17 0.11 0.36 0.31
18313 0.27 -0.21 0.77 0.85 0.34 -0.41 0.19 0.98 1.09 0.45
18329 0.33 0.04 0.93 1.00 0.33 -0.17 0.23 0.03 0.32 0.28
18370 -1.16 0.78 3.17 3.47 1.40 0.34 0.18 0.92 1.01 0.39
18390 0.33 -0.36 0.28 0.58 0.49 0.13 0.43 0.80 0.92 0.45
18408 -0.01 -0.20 0.55 0.60 0.20 -0.16 0.41 0.72 0.86 0.44
18499 0.08 -0.52 4.72 4.75 0.52 -0.23 0.12 0.29 0.41 0.26
18493 0.17 0.44 2.51 2.56 0.47 -0.47 -0.17 0.39 0.65 0.50
18544 -0.13 0.10 0.62 0.66 0.16 -0.28 -0.51 2.11 2.20 0.58
18578 -0.28 -0.15 1.42 1.46 0.32 -0.50 -0.16 1.16 1.28 0.53
18584 0.39 0.28 3.39 3.43 0.48 0.07 -1.00 1.84 2.10 1.01
18583 -0.80 -0.21 1.16 1.43 0.83 -0.47 0.20 1.70 1.78 0.51
18594 0.14 0.01 0.80 0.83 0.14 0.42 -0.23 0.35 0.61 0.48
18605 0.26 -0.15 1.84 1.86 0.30 0.34 -0.29 1.58 1.64 0.44
18603 -0.03 -0.30 0.64 0.72 0.30 -0.09 -0.44 1.27 1.36 0.45
18633 0.77 0.08 1.72 1.90 0.78 -0.12 0.26 0.09 0.33 0.29
18648 0.11 -0.17 0.83 0.87 0.20 0.28 0.08 0.30 0.44 0.29
18671 0.15 0.08 1.52 1.54 0.17 -0.01 0.26 -0.19 0.36 0.26
18691 -0.11 -0.12 1.20 1.21 0.16 0.16 0.30 0.63 0.73 0.34
18722 -0.13 0.44 0.54 0.72 0.45 0.44 0.28 0.10 0.55 0.53
18742 0.19 0.12 0.89 0.93 0.22 -0.16 -0.21 0.08 0.31 0.26
18744 0.12 0.16 1.14 1.17 0.20 0.31 -0.60 2.91 2.99 0.68
18789 -0.11 0.40 1.01 1.10 0.42 -0.44 -0.05 0.88 1.00 0.44
18787 -0.31 -0.23 1.62 1.67 0.39 0.24 0.04 0.09 0.29 0.24
18864 0.56 -0.26 1.19 1.34 0.62 0.07 -0.31 -0.01 0.35 0.32
18870 0.07 0.16 0.88 0.91 0.18 1.33 0.30 5.14 5.32 1.37
18889 -0.49 0.53 3.58 3.66 0.72 -0.21 -0.25 0.51 0.62 0.33
18899 0.02 -0.17 1.30 1.32 0.17 0.19 -0.25 0.31 0.46 0.32
18907 -0.12 -0.18 0.52 0.58 0.21 -0.27 -0.19 0.20 0.41 0.32
18921 0.38 -0.39 1.30 1.42 0.54 0.11 -0.41 0.90 1.00 0.43
18900 0.12 0.44 1.39 1.47 0.46 -0.33 -0.49 2.65 2.72 0.59
18903 -0.09 0.04 0.96 0.98 0.10 -0.53 -0.13 1.54 1.64 0.55
18970 -0.14 -0.42 0.79 0.92 0.44 0.33 -0.08 0.06 0.38 0.34
18976 0.35 0.38 2.54 2.59 0.51 -0.11 -0.43 0.99 1.09 0.44
19016 0.36 0.47 0.37 0.71 0.59 0.85 0.57 1.81 2.08 1.02
19040 -0.17 0.75 5.95 6.01 0.77 0.44 -0.23 0.70 0.87 0.50
19028 0.34 0.00 2.36 2.39 0.34 0.32 -0.34 1.23 1.32 0.47
19085 0.84 -0.08 2.79 2.92 0.84 -0.17 0.83 1.31 1.57 0.85
19114 0.19 -0.42 1.28 1.37 0.46 -0.18 0.36 0.60 0.74 0.40
19034 -0.12 0.39 1.83 1.88 0.40 -0.36 -0.11 0.78 0.88 0.37
19159 0.38 0.48 1.33 1.47 0.61 -0.24 -0.08 0.21 0.36 0.25
19184 0.26 -0.59 1.42 1.56 0.65 0.36 -0.05 0.38 0.54 0.37
19229 0.20 -0.68 1.54 1.70 0.71 -0.39 -0.28 0.92 1.05 0.49
19213 -0.18 0.19 0.38 0.48 0.26 -0.34 -0.48 1.43 1.56 0.59
19259 -0.14 0.16 0.44 0.51 0.21 -0.06 -0.34 -0.05 0.38 0.35
19254 0.31 -0.06 1.14 1.19 0.32 0.95 -0.14 2.91 3.07 0.96
19295 -0.68 -0.06 0.68 0.97 0.68 0.24 0.34 0.53 0.69 0.42
19339 -0.12 -0.43 1.11 1.21 0.44 -0.32 -0.10 0.79 0.87 0.33
19362 -0.30 -0.34 1.14 1.24 0.45 0.20 0.50 0.99 1.13 0.53
19368 0.42 -0.56 0.00 0.72 0.70 -0.24 -0.75 3.19 3.29 0.79
19379 -0.59 0.12 5.26 5.30 0.60 0.31 -0.14 0.17 0.40 0.34
19336 -0.20 0.99 3.72 3.85 1.01 0.32 -0.20 0.84 0.94 0.38
19394 0.12 -0.26 2.60 2.62 0.29 -0.21 -0.61 0.75 1.00 0.65
19449 0.16 0.13 0.97 1.00 0.20 -0.12 0.25 0.11 0.33 0.28
19487 -0.69 0.16 2.19 2.31 0.71 0.42 0.10 0.39 0.59 0.43
19498 0.02 -0.28 0.48 0.57 0.28 0.39 -0.15 0.71 0.84 0.42
19535 -0.39 0.36 0.91 1.07 0.53 -0.04 -0.35 0.04 0.38 0.35
19543 0.03 0.23 0.90 0.94 0.23 -0.20 -0.23 0.05 0.34 0.30
19596 -0.31 0.11 3.03 3.05 0.33 -0.34 0.22 1.32 1.39 0.40
19664 0.16 0.82 2.88 3.00 0.83 -0.42 -0.10 0.22 0.51 0.44
19677 0.51 -0.69 4.52 4.61 0.86 0.38 -0.65 0.43 0.88 0.76
19709 -0.11 -0.32 0.49 0.61 0.34 -0.32 0.93 4.37 4.49 0.98
19747 -1.14 0.19 3.27 3.47 1.15 -0.14 -0.31 0.29 0.47 0.34
19735 0.10 -0.42 0.46 0.65 0.43 0.22 0.28 0.78 0.87 0.36
19759 -0.08 0.24 0.52 0.59 0.25 -0.89 0.10 3.93 4.03 0.89
19720 -0.23 0.48 2.91 2.96 0.53 -0.35 -0.11 0.74 0.83 0.37
19772 0.23 -0.10 0.80 0.85 0.25 0.10 0.70 3.15 3.23 0.71
19799 -0.78 -0.49 2.55 2.72 0.92 0.09 0.33 0.12 0.39 0.34
19798 -0.11 0.33 1.46 1.50 0.35 0.02 0.23 0.17 0.32 0.23
19830 -0.05 0.22 0.45 0.52 0.22 0.41 -0.16 0.09 0.47 0.44
19838 0.01 0.45 1.24 1.32 0.45 -0.39 0.29 0.25 0.56 0.48
19944 0.39 -0.13 0.12 0.45 0.41 -1.03 -0.43 6.04 6.14 1.12
19983 0.37 -0.04 1.19 1.25 0.37 0.21 -0.09 0.21 0.34 0.23
19971 0.07 -0.05 0.66 0.68 0.09 -0.04 0.47 0.66 0.83 0.47
